# callgrind format
version: 1
creator: callgrind-3.18.1
pid: 113657
cmd:  ./task0
part: 29


desc: I1 cache: 
desc: D1 cache: 
desc: LL cache: 

desc: Timerange: Basic block 285012499 - 295073358
desc: Trigger: --dump-every-bb=10000000

positions: line
events: Ir
summary: 70073673


ob=(2) ???
fl=(51) ???
fn=(554) 0x00000000048764d0
0 4488
cob=(3) /usr/lib/x86_64-linux-gnu/libc.so.6
cfi=(160) ./string/../sysdeps/x86_64/multiarch/strchr-avx2.S
cfn=(556) __strchrnul_avx2
calls=2244 51 
0 42636

fn=(610) 0x00000000048763e0
0 4476
cob=(3)
cfi=(175) ./string/../sysdeps/x86_64/multiarch/memmove-vec-unaligned-erms.S
cfn=(612) __mempcpy_avx_unaligned_erms
calls=2238 294 
0 41038

fn=(548) 0x0000000000109050
0 1496
cob=(3)
cfi=(158) ./stdio-common/./stdio-common/printf.c
cfn=(550) printf
calls=748 28 
0 759890

ob=(5) /home/iustina/uni/asc/labs/c/lab06/skl/task0/task0
fl=(150) ???
fn=(508) (below main)
cob=(3)
cfi=(151) ./csu/../csu/libc-start.c
cfn=(510) __libc_start_main@@GLIBC_2.34
calls=0 242 
0 70073673

fl=(157) /home/iustina/uni/asc/labs/c/lab06/skl/task0/task0.c
fn=(546) ShowProgress
27 4488
+1 748
+3 2244
+1 9724
+2 12716
+1 4488
cob=(2)
cfi=(51)
cfn=(548)
calls=748 -35 
* 761386
+2 2244

fn=(540) main
cfn=(542) FindPrimes
calls=0 39 
58 70073673

fn=(542)
46 2244
cfn=(544) TestForPrime
calls=748 -31 
* 69264038
* 1496
+3 750
+1 375
+2 625
cfn=(546)
calls=125 -25 
* 133361
* 3115
cfn=(546)
calls=623 -25 
* 664677
-7 2992

fn=(544)
15 2992
+1 748
+1 1496
+2 29680740
+1 623
+1 623
-4 39574572
+7 748
+1 1496

ob=(1) /usr/lib/x86_64-linux-gnu/ld-linux-x86-64.so.2
fl=(1) ???
fn=(0) 0x0000000000020290
cob=(5)
cfi=(150)
cfn=(508)
calls=0 0 
0 70073673

ob=(3)
fl=(174) ./libio/./libio/iopadn.c
fn=(608) _IO_padn
37 4488
+8 748
-8 5236
+7 1496
+10 2244
-13 1496
+21 1496
+2 748
fi=(176) ./libio/./libio/libioP.h
940 2244
+2 1496
+1 1496
fe=(174)
64 2992
cfi=(162) ./libio/./libio/fileops.c
cfn=(560) _IO_file_xsputn@@GLIBC_2.2.5
calls=748 1197 
* 54604
+1 748
+3 8976

fl=(177) ./io/../sysdeps/unix/sysv/linux/write.c
fn=(624) write
25 6
+1 42
+1 6

fl=(162)
fn=(602) _IO_do_write@@GLIBC_2.2.5
423 6
+2 18
-2 6
fi=(176)
940 6
fe=(162)
423 12
fi=(176)
940 6
fe=(162)
423 6
fi=(176)
940 12
fe=(162)
423 30
+20 6
-10 12
+7 24
fi=(176)
942 12
+1 12
fe=(162)
448 24
cfn=(622) _IO_file_write@@GLIBC_2.2.5
calls=6 1173 
* 276
* 6
+1 30
+2 6
+4 12
-3 12
-1 12
+4 12
-2 6
-28 24
+1 48
+28 12

fn=(562) _IO_file_overflow@@GLIBC_2.2.5
731 3890
+1 3112
+7 3890
+37 778
-2 1556
+3 1544
+3 2316
+1 2316
+1 3088
+4 772
+1 3094
-12 6
+1 6
+11 12
-12 6
cfn=(602)
calls=6 423 
* 648

fn=(560)
1197 18700
+7 3740
-7 11220
+6 11968
+9 4488
-2 8976
+23 2238
+2 2238
+2 4476
-2 2238
+1 2238
+1 2238
-2 2238
cob=(2)
cfi=(51)
cfn=(610)
calls=2238 0 
* 45514
* 2238
+4 4476
+28 33660
-55 2244
+4 2244
-4 2244
+1 4488
+18 30
+12 6
fi=(176)
940 18
+2 12
+1 12
fe=(162)
1243 18
cfn=(562)
calls=6 731 
* 786
* 12
+6 12
+1 42
+2 12
+11 18
+1 24
cfi=(163) ./libio/./libio/genops.c
cfn=(604) _IO_default_xsputn
calls=6 371 
* 1470
+2 18
-48 15636
-2 19376

fn=(622)
1173 42
+2 36
+5 6
cfi=(177)
cfn=(624)
calls=6 25 
* 54
+1 12
+5 6
+1 6
-12 12
+4 18
+1 12
+10 18
+3 36
-4 18

fl=(160)
fn=(556)
51 2244
+2 2244
+1 2244
+1 2244
+1 2244
+1 2244
+3 2244
+1 2244
+4 2244
+1 2244
+1 2244
+1 2244
+1 2244
+1 2244
+1 2244
+1 2244
+6 2244
+1 4488

fl=(153) ./csu/../sysdeps/nptl/libc_start_call_main.h
fn=(532) (below main)
cob=(5)
cfi=(157)
cfn=(540)
calls=0 56 
58 70073673

fl=(158)
fn=(550)
28 9724
+4 748
+1 1496
-1 1496
+1 748
-1 748
+1 748
-1 748
+1 748
-1 748
+1 748
cfi=(159) ./stdio-common/./stdio-common/vfprintf-internal.c
cfn=(552) __vfprintf_internal
calls=748 1180 
* 737450
+4 3740

fl=(173) ./stdio-common/./stdio-common/_itoa.c
fn=(606) _itoa_word
163 1496
+3 2992
+2 1496
+9 22440
+9 1496

fl=(175)
fn=(612)
294 2238
+1 2238
+1 2238
+1 2238
+17 2238
+1 2238
+42 2238
+1 2238
+2 2238
+1 2238
+2 2238
+4 2238
+1 1496
+1 1496
+1 1496
+1 1496
+1 748
+1 748
+2 748
+2 748
-2 748
+2 748
+6 742
+1 742
+1 742
+1 742
+1 742

fl=(163)
fn=(616) __overflow
199 2244
+2 2244
+2 748
fi=(176)
940 2244
+2 1496
+1 1496
fe=(163)
203 748
+1 1496
-1 748
cfi=(162)
cfn=(562)
calls=748 731 
* 25432

fn=(604)
371 6
+3 12
-3 48
fi=(176)
940 6
fe=(163)
371 6
fi=(176)
940 6
fe=(163)
371 6
fi=(176)
940 6
fe=(163)
371 12
+28 84
fi=(176)
942 48
+1 48
fe=(163)
399 96
cfi=(162)
cfn=(562)
calls=24 731 
* 816
* 48
+2 24
-22 144
+25 6
-29 6
+29 42

fl=(159)
fn=(552)
1180 8976
+30 3740
+8 2244
+4 3740
+11 1496
+11 748
fi=(186) ./stdio-common/./stdio-common/printf-parse.h
111 1496
fe=(159)
1244 3740
fi=(186)
111 748
cob=(2)
cfi=(51)
cfn=(554)
calls=748 0 
* 15708
fe=(159)
1259 748
fi=(186)
111 748
fe=(159)
1259 2244
239 748
fi=(187) ./stdio-common/../libio/libioP.h
940 748
fe=(159)
1263 748
fi=(187)
942 748
-2 748
fe=(159)
1263 748
fi=(187)
940 1496
+2 1496
+1 1496
fe=(159)
239 2992
cfi=(162)
cfn=(560)
calls=748 1197 
* 67242
* 1496
127 6732
1263 1496
+4 2244
+4 5984
1532 748
1214 748
+34 748
-8 748
1532 2244
+23 748
-39 748
+39 748
-39 748
+39 1496
1313 22440
+39 1496
-51 1496
-1 1496
-1 1496
-1 1496
+5 1496
1501 1496
fi=(186)
88 1496
fe=(159)
1352 1496
-46 1496
-4 1496
+50 1496
1501 1496
1295 1496
-1 1496
-1 1496
-1 1496
-1 1496
+16 2992
1608 1496
+1 1496
+3 8976
-4 6732
1218 1496
+41 2992
cfi=(161) ./nptl/./nptl/libc-cleanup.c
cfn=(558) __libc_cleanup_push_defer
calls=748 24 
* 7480
+1 9724
-1 1496
1609 1496
cfi=(161)
cfn=(618) __libc_cleanup_pop_restore
calls=748 39 
* 5984
+2 748
-95 9724
cfi=(173)
cfn=(606)
calls=748 163 
* 29920
* 24684
192 1496
+47 748
fi=(187)
942 2244
+1 1496
fe=(159)
239 2992
cfi=(162)
cfn=(560)
calls=748 1197 
* 59840
* 1496
127 9724
1517 1496
-54 748
+53 7480
+73 748
fi=(186)
111 748
fe=(159)
1583 748
fi=(186)
111 1496
cob=(2)
cfi=(51)
cfn=(554)
calls=748 0 
* 15708
fe=(159)
1589 748
fi=(186)
111 748
fe=(159)
1583 748
fi=(186)
111 1496
cob=(2)
cfi=(51)
cfn=(554)
calls=748 0 
* 15708
fe=(159)
239 1496
fi=(187)
942 1496
fe=(159)
1593 1496
fi=(186)
111 1496
fi=(187)
942 1496
fe=(159)
1593 1496
fi=(187)
942 1496
+1 2992
fe=(159)
239 5984
cfi=(162)
cfn=(560)
calls=1496 1197 
* 29920
* 2992
127 19448
1593 2992
+2 3740
-79 1496
-48 748
fi=(186)
76 748
+2 748
-2 748
+2 748
-2 748
+2 3740
fe=(159)
1408 1496
1516 13464
192 1496
+4 6732
cfi=(174)
cfn=(608)
calls=748 37 
* 90508
+4 2244
-73 8976
1516 3740
1415 1496
+3 2992
-26 1496
1516 5984
-98 7480
+98 11968
cfi=(163)
cfn=(616)
calls=748 199 
* 38896
* 1496

fl=(151)
fn=(510)
cfi=(153)
cfn=(532)
calls=0 29 
392 70073673

fl=(161)
fn=(618)
39 748
+3 1496
+2 1496
+1 1496
+2 748

fn=(558)
24 748
+3 1496
+3 2992
+1 748
+2 748
+1 748

totals: 70073673
