# callgrind format
version: 1
creator: callgrind-3.18.1
pid: 113657
cmd:  ./task0
part: 113


desc: I1 cache: 
desc: D1 cache: 
desc: LL cache: 

desc: Timerange: Basic block 1139637994 - 1149662844
desc: Trigger: --dump-every-bb=10000000

positions: line
events: Ir
summary: 70030225


ob=(2) ???
fl=(51) ???
fn=(554) 0x00000000048764d0
0 1836
cob=(3) /usr/lib/x86_64-linux-gnu/libc.so.6
cfi=(160) ./string/../sysdeps/x86_64/multiarch/strchr-avx2.S
cfn=(556) __strchrnul_avx2
calls=918 51 
0 17442

fn=(610) 0x00000000048763e0
0 1830
cob=(3)
cfi=(175) ./string/../sysdeps/x86_64/multiarch/memmove-vec-unaligned-erms.S
cfn=(612) __mempcpy_avx_unaligned_erms
calls=915 294 
0 16779

fn=(548) 0x0000000000109050
0 612
cob=(3)
cfi=(158) ./stdio-common/./stdio-common/printf.c
cfn=(550) printf
calls=306 28 
0 311061

ob=(5) /home/iustina/uni/asc/labs/c/lab06/skl/task0/task0
fl=(150) ???
fn=(508) (below main)
cob=(3)
cfi=(151) ./csu/../csu/libc-start.c
cfn=(510) __libc_start_main@@GLIBC_2.34
calls=0 242 
0 70030225

fl=(157) /home/iustina/uni/asc/labs/c/lab06/skl/task0/task0.c
fn=(546) ShowProgress
27 2268
+1 378
+3 1134
+1 4914
+2 6426
+1 1836
cob=(2)
cfi=(51)
cfn=(548)
calls=306 -35 
* 311673
+2 1134

fn=(540) main
cfn=(542) FindPrimes
calls=0 39 
58 70030225

fn=(542)
46 1134
cfn=(544) TestForPrime
calls=378 -31 
* 69694612
* 756
+3 372
+1 186
+2 310
cfn=(546)
calls=62 -25 
* 56480
* 1580
cfn=(546)
calls=316 -25 
* 273283
-7 1512

fn=(544)
15 1512
+1 378
+1 756
+2 29867178
+1 316
+1 316
-4 39823022
+7 378
+1 756

ob=(1) /usr/lib/x86_64-linux-gnu/ld-linux-x86-64.so.2
fl=(1) ???
fn=(0) 0x0000000000020290
cob=(5)
cfi=(150)
cfn=(508)
calls=0 0 
0 70030225

ob=(3)
fl=(174) ./libio/./libio/iopadn.c
fn=(608) _IO_padn
37 1836
+8 306
-8 2142
+7 612
+10 918
-13 612
+21 612
+2 306
fi=(176) ./libio/./libio/libioP.h
940 918
+2 612
+1 612
fe=(174)
64 1224
cfi=(162) ./libio/./libio/fileops.c
cfn=(560) _IO_file_xsputn@@GLIBC_2.2.5
calls=306 1197 
* 22338
+1 306
+3 3672

fl=(177) ./io/../sysdeps/unix/sysv/linux/write.c
fn=(624) write
25 3
+1 21
+1 3

fl=(162)
fn=(602) _IO_do_write@@GLIBC_2.2.5
423 3
+2 9
-2 3
fi=(176)
940 3
fe=(162)
423 6
fi=(176)
940 3
fe=(162)
423 3
fi=(176)
940 6
fe=(162)
423 15
+20 3
-10 6
+7 12
fi=(176)
942 6
+1 6
fe=(162)
448 12
cfn=(622) _IO_file_write@@GLIBC_2.2.5
calls=3 1173 
* 138
* 3
+1 15
+2 3
+4 6
-3 6
-1 6
+4 6
-2 3
-28 12
+1 24
+28 6

fn=(562) _IO_file_overflow@@GLIBC_2.2.5
731 1605
+1 1284
+7 1605
+37 321
-2 642
+3 636
+3 954
+1 954
+1 1272
+4 318
+1 1275
-12 3
+1 3
+11 6
-12 3
cfn=(602)
calls=3 423 
* 324

fn=(560)
1197 7650
+7 1530
-7 4590
+6 4896
+9 1836
-2 3672
+23 915
+2 915
+2 1830
-2 915
+1 915
+1 915
-2 915
cob=(2)
cfi=(51)
cfn=(610)
calls=915 0 
* 18609
* 915
+4 1830
+28 13770
-55 918
+4 918
-4 918
+1 1836
+18 15
+12 3
fi=(176)
940 9
+2 6
+1 6
fe=(162)
1243 9
cfn=(562)
calls=3 731 
* 393
* 6
+6 6
+1 21
+2 6
+11 9
+1 12
cfi=(163) ./libio/./libio/genops.c
cfn=(604) _IO_default_xsputn
calls=3 371 
* 735
+2 9
-48 6390
-2 7920

fn=(622)
1173 21
+2 18
+5 3
cfi=(177)
cfn=(624)
calls=3 25 
* 27
+1 6
+5 3
+1 3
-12 6
+4 9
+1 6
+10 9
+3 18
-4 9

fl=(160)
fn=(556)
51 918
+2 918
+1 918
+1 918
+1 918
+1 918
+3 918
+1 918
+4 918
+1 918
+1 918
+1 918
+1 918
+1 918
+1 918
+1 918
+6 918
+1 1836

fl=(153) ./csu/../sysdeps/nptl/libc_start_call_main.h
fn=(532) (below main)
cob=(5)
cfi=(157)
cfn=(540)
calls=0 56 
58 70030225

fl=(158)
fn=(550)
28 3978
+4 306
+1 612
-1 612
+1 306
-1 306
+1 306
-1 306
+1 306
-1 306
+1 306
cfi=(159) ./stdio-common/./stdio-common/vfprintf-internal.c
cfn=(552) __vfprintf_internal
calls=306 1180 
* 301881
+4 1530

fl=(173) ./stdio-common/./stdio-common/_itoa.c
fn=(606) _itoa_word
163 612
+3 1224
+2 612
+9 9180
+9 612

fl=(175)
fn=(612)
294 915
+1 915
+1 915
+1 915
+17 915
+1 915
+42 915
+1 915
+2 915
+1 915
+2 915
+4 915
+1 612
+1 612
+1 612
+1 612
+1 306
+1 306
+2 306
+2 306
-2 306
+2 306
+6 303
+1 303
+1 303
+1 303
+1 303

fl=(163)
fn=(616) __overflow
199 918
+2 918
+2 306
fi=(176)
940 918
+2 612
+1 612
fe=(163)
203 306
+1 612
-1 306
cfi=(162)
cfn=(562)
calls=306 731 
* 10404

fn=(604)
371 3
+3 6
-3 24
fi=(176)
940 3
fe=(163)
371 3
fi=(176)
940 3
fe=(163)
371 3
fi=(176)
940 3
fe=(163)
371 6
+28 42
fi=(176)
942 24
+1 24
fe=(163)
399 48
cfi=(162)
cfn=(562)
calls=12 731 
* 408
* 24
+2 12
-22 72
+25 3
-29 3
+29 21

fl=(159)
fn=(552)
1180 3672
+30 1530
+8 918
+4 1530
+11 612
+11 306
fi=(186) ./stdio-common/./stdio-common/printf-parse.h
111 612
fe=(159)
1244 1530
fi=(186)
111 306
cob=(2)
cfi=(51)
cfn=(554)
calls=306 0 
* 6426
fe=(159)
1259 306
fi=(186)
111 306
fe=(159)
1259 918
239 306
fi=(187) ./stdio-common/../libio/libioP.h
940 306
fe=(159)
1263 306
fi=(187)
942 306
-2 306
fe=(159)
1263 306
fi=(187)
940 612
+2 612
+1 612
fe=(159)
239 1224
cfi=(162)
cfn=(560)
calls=306 1197 
* 27705
* 612
127 2754
1263 612
+4 918
+4 2448
1532 306
1214 306
+34 306
-8 306
1532 918
+23 306
-39 306
+39 306
-39 306
+39 612
1313 9180
+39 612
-51 612
-1 612
-1 612
-1 612
+5 612
1501 612
fi=(186)
88 612
fe=(159)
1352 612
-46 612
-4 612
+50 612
1501 612
1295 612
-1 612
-1 612
-1 612
-1 612
+16 1224
1608 612
+1 612
+3 3672
-4 2754
1218 612
+41 1224
cfi=(161) ./nptl/./nptl/libc-cleanup.c
cfn=(558) __libc_cleanup_push_defer
calls=306 24 
* 3060
+1 3978
-1 612
1609 612
cfi=(161)
cfn=(618) __libc_cleanup_pop_restore
calls=306 39 
* 2448
+2 306
-95 3978
cfi=(173)
cfn=(606)
calls=306 163 
* 12240
* 10098
192 612
+47 306
fi=(187)
942 918
+1 612
fe=(159)
239 1224
cfi=(162)
cfn=(560)
calls=306 1197 
* 24480
* 612
127 3978
1517 612
-54 306
+53 3060
+73 306
fi=(186)
111 306
fe=(159)
1583 306
fi=(186)
111 612
cob=(2)
cfi=(51)
cfn=(554)
calls=306 0 
* 6426
fe=(159)
1589 306
fi=(186)
111 306
fe=(159)
1583 306
fi=(186)
111 612
cob=(2)
cfi=(51)
cfn=(554)
calls=306 0 
* 6426
fe=(159)
239 612
fi=(187)
942 612
fe=(159)
1593 612
fi=(186)
111 612
fi=(187)
942 612
fe=(159)
1593 612
fi=(187)
942 612
+1 1224
fe=(159)
239 2448
cfi=(162)
cfn=(560)
calls=612 1197 
* 12240
* 1224
127 7956
1593 1224
+2 1530
-79 612
-48 306
fi=(186)
76 306
+2 306
-2 306
+2 306
-2 306
+2 1530
fe=(159)
1408 612
1516 5508
192 612
+4 2754
cfi=(174)
cfn=(608)
calls=306 37 
* 37026
+4 918
-73 3672
1516 1530
1415 612
+3 1224
-26 612
1516 2448
-98 3060
+98 4896
cfi=(163)
cfn=(616)
calls=306 199 
* 15912
* 612

fl=(151)
fn=(510)
cfi=(153)
cfn=(532)
calls=0 29 
392 70030225

fl=(161)
fn=(618)
39 306
+3 612
+2 612
+1 612
+2 306

fn=(558)
24 306
+3 612
+3 1224
+1 306
+2 306
+1 306

totals: 70030225
