# callgrind format
version: 1
creator: callgrind-3.18.1
pid: 113657
cmd:  ./task0
part: 112


desc: I1 cache: 
desc: D1 cache: 
desc: LL cache: 

desc: Timerange: Basic block 1129608581 - 1139637994
desc: Trigger: --dump-every-bb=10000000

positions: line
events: Ir
summary: 70035551


ob=(2) ???
fl=(51) ???
fn=(554) 0x00000000048764d0
0 2172
cob=(3) /usr/lib/x86_64-linux-gnu/libc.so.6
cfi=(160) ./string/../sysdeps/x86_64/multiarch/strchr-avx2.S
cfn=(556) __strchrnul_avx2
calls=1086 51 
0 20634

fn=(610) 0x00000000048763e0
0 2168
cob=(3)
cfi=(175) ./string/../sysdeps/x86_64/multiarch/memmove-vec-unaligned-erms.S
cfn=(612) __mempcpy_avx_unaligned_erms
calls=1084 294 
0 19876

fn=(548) 0x0000000000109050
0 724
cob=(3)
cfi=(158) ./stdio-common/./stdio-common/printf.c
cfn=(550) printf
calls=362 28 
0 367428

ob=(5) /home/iustina/uni/asc/labs/c/lab06/skl/task0/task0
fl=(150) ???
fn=(508) (below main)
cob=(3)
cfi=(151) ./csu/../csu/libc-start.c
cfn=(510) __libc_start_main@@GLIBC_2.34
calls=0 242 
0 70035551

fl=(157) /home/iustina/uni/asc/labs/c/lab06/skl/task0/task0.c
fn=(546) ShowProgress
27 2172
+1 362
+3 1086
+1 4706
+2 6154
+1 2172
cob=(2)
cfi=(51)
cfn=(548)
calls=362 -35 
* 368152
+2 1086

fn=(540) main
cfn=(542) FindPrimes
calls=0 39 
58 70035551

fn=(542)
46 1086
cfn=(544) TestForPrime
calls=362 -31 
* 69644044
* 724
+3 366
+1 183
+2 305
cfn=(546)
calls=61 -25 
* 64904
* 1505
cfn=(546)
calls=301 -25 
* 320986
-7 1448

fn=(544)
15 1448
+1 362
+1 724
+2 29845584
+1 301
+1 301
-4 39794238
+7 362
+1 724

ob=(1) /usr/lib/x86_64-linux-gnu/ld-linux-x86-64.so.2
fl=(1) ???
fn=(0) 0x0000000000020290
cob=(5)
cfi=(150)
cfn=(508)
calls=0 0 
0 70035551

ob=(3)
fl=(174) ./libio/./libio/iopadn.c
fn=(608) _IO_padn
37 2172
+8 362
-8 2534
+7 724
+10 1086
-13 724
+21 724
+2 362
fi=(176) ./libio/./libio/libioP.h
940 1086
+2 724
+1 724
fe=(174)
64 1448
cfi=(162) ./libio/./libio/fileops.c
cfn=(560) _IO_file_xsputn@@GLIBC_2.2.5
calls=362 1197 
* 26426
+1 362
+3 4344

fl=(177) ./io/../sysdeps/unix/sysv/linux/write.c
fn=(624) write
25 2
+1 14
+1 2

fl=(162)
fn=(602) _IO_do_write@@GLIBC_2.2.5
423 2
+2 6
-2 2
fi=(176)
940 2
fe=(162)
423 4
fi=(176)
940 2
fe=(162)
423 2
fi=(176)
940 4
fe=(162)
423 10
+20 2
-10 4
+7 8
fi=(176)
942 4
+1 4
fe=(162)
448 8
cfn=(622) _IO_file_write@@GLIBC_2.2.5
calls=2 1173 
* 92
* 2
+1 10
+2 2
+4 4
-3 4
-1 4
+4 4
-2 2
-28 8
+1 16
+28 4

fn=(562) _IO_file_overflow@@GLIBC_2.2.5
731 1860
+1 1488
+7 1860
+37 372
-2 744
+3 740
+3 1110
+1 1110
+1 1480
+4 370
+1 1482
-12 2
+1 2
+11 4
-12 2
cfn=(602)
calls=2 423 
* 216

fn=(560)
1197 9050
+7 1810
-7 5430
+6 5792
+9 2172
-2 4344
+23 1084
+2 1084
+2 2168
-2 1084
+1 1084
+1 1084
-2 1084
cob=(2)
cfi=(51)
cfn=(610)
calls=1084 0 
* 22044
* 1084
+4 2168
+28 16290
-55 1086
+4 1086
-4 1086
+1 2172
+18 10
+12 2
fi=(176)
940 6
+2 4
+1 4
fe=(162)
1243 6
cfn=(562)
calls=2 731 
* 262
* 4
+6 4
+1 14
+2 4
+11 6
+1 8
cfi=(163) ./libio/./libio/genops.c
cfn=(604) _IO_default_xsputn
calls=2 371 
* 490
+2 6
-48 7578
-2 9388

fn=(622)
1173 14
+2 12
+5 2
cfi=(177)
cfn=(624)
calls=2 25 
* 18
+1 4
+5 2
+1 2
-12 4
+4 6
+1 4
+10 6
+3 12
-4 6

fl=(160)
fn=(556)
51 1086
+2 1086
+1 1086
+1 1086
+1 1086
+1 1086
+3 1086
+1 1086
+4 1086
+1 1086
+1 1086
+1 1086
+1 1086
+1 1086
+1 1086
+1 1086
+6 1086
+1 2172

fl=(153) ./csu/../sysdeps/nptl/libc_start_call_main.h
fn=(532) (below main)
cob=(5)
cfi=(157)
cfn=(540)
calls=0 56 
58 70035551

fl=(158)
fn=(550)
28 4706
+4 362
+1 724
-1 724
+1 362
-1 362
+1 362
-1 362
+1 362
-1 362
+1 362
cfi=(159) ./stdio-common/./stdio-common/vfprintf-internal.c
cfn=(552) __vfprintf_internal
calls=362 1180 
* 356568
+4 1810

fl=(173) ./stdio-common/./stdio-common/_itoa.c
fn=(606) _itoa_word
163 724
+3 1448
+2 724
+9 10860
+9 724

fl=(175)
fn=(612)
294 1084
+1 1084
+1 1084
+1 1084
+17 1084
+1 1084
+42 1084
+1 1084
+2 1084
+1 1084
+2 1084
+4 1084
+1 724
+1 724
+1 724
+1 724
+1 362
+1 362
+2 362
+2 362
-2 362
+2 362
+6 360
+1 360
+1 360
+1 360
+1 360

fl=(163)
fn=(616) __overflow
199 1086
+2 1086
+2 362
fi=(176)
940 1086
+2 724
+1 724
fe=(163)
203 362
+1 724
-1 362
cfi=(162)
cfn=(562)
calls=362 731 
* 12308

fn=(604)
371 2
+3 4
-3 16
fi=(176)
940 2
fe=(163)
371 2
fi=(176)
940 2
fe=(163)
371 2
fi=(176)
940 2
fe=(163)
371 4
+28 28
fi=(176)
942 16
+1 16
fe=(163)
399 32
cfi=(162)
cfn=(562)
calls=8 731 
* 272
* 16
+2 8
-22 48
+25 2
-29 2
+29 14

fl=(159)
fn=(552)
1180 4344
+30 1810
+8 1086
+4 1810
+11 724
+11 362
fi=(186) ./stdio-common/./stdio-common/printf-parse.h
111 724
fe=(159)
1244 1810
fi=(186)
111 362
cob=(2)
cfi=(51)
cfn=(554)
calls=362 0 
* 7602
fe=(159)
1259 362
fi=(186)
111 362
fe=(159)
1259 1086
239 362
fi=(187) ./stdio-common/../libio/libioP.h
940 362
fe=(159)
1263 362
fi=(187)
942 362
-2 362
fe=(159)
1263 362
fi=(187)
940 724
+2 724
+1 724
fe=(159)
239 1448
cfi=(162)
cfn=(560)
calls=362 1197 
* 32216
* 724
127 3258
1263 724
+4 1086
+4 2896
1532 362
1214 362
+34 362
-8 362
1532 1086
+23 362
-39 362
+39 362
-39 362
+39 724
1313 10860
+39 724
-51 724
-1 724
-1 724
-1 724
+5 724
1501 724
fi=(186)
88 724
fe=(159)
1352 724
-46 724
-4 724
+50 724
1501 724
1295 724
-1 724
-1 724
-1 724
-1 724
+16 1448
1608 724
+1 724
+3 4344
-4 3258
1218 724
+41 1448
cfi=(161) ./nptl/./nptl/libc-cleanup.c
cfn=(558) __libc_cleanup_push_defer
calls=362 24 
* 3620
+1 4706
-1 724
1609 724
cfi=(161)
cfn=(618) __libc_cleanup_pop_restore
calls=362 39 
* 2896
+2 362
-95 4706
cfi=(173)
cfn=(606)
calls=362 163 
* 14480
* 11946
192 724
+47 362
fi=(187)
942 1086
+1 724
fe=(159)
239 1448
cfi=(162)
cfn=(560)
calls=362 1197 
* 28960
* 724
127 4706
1517 724
-54 362
+53 3620
+73 362
fi=(186)
111 362
fe=(159)
1583 362
fi=(186)
111 724
cob=(2)
cfi=(51)
cfn=(554)
calls=362 0 
* 7602
fe=(159)
1589 362
fi=(186)
111 362
fe=(159)
1583 362
fi=(186)
111 724
cob=(2)
cfi=(51)
cfn=(554)
calls=362 0 
* 7602
fe=(159)
239 724
fi=(187)
942 724
fe=(159)
1593 724
fi=(186)
111 724
fi=(187)
942 724
fe=(159)
1593 724
fi=(187)
942 724
+1 1448
fe=(159)
239 2896
cfi=(162)
cfn=(560)
calls=724 1197 
* 14480
* 1448
127 9412
1593 1448
+2 1810
-79 724
-48 362
fi=(186)
76 362
+2 362
-2 362
+2 362
-2 362
+2 1810
fe=(159)
1408 724
1516 6516
192 724
+4 3258
cfi=(174)
cfn=(608)
calls=362 37 
* 43802
+4 1086
-73 4344
1516 1810
1415 724
+3 1448
-26 724
1516 2896
-98 3620
+98 5792
cfi=(163)
cfn=(616)
calls=362 199 
* 18824
* 724

fl=(151)
fn=(510)
cfi=(153)
cfn=(532)
calls=0 29 
392 70035551

fl=(161)
fn=(618)
39 362
+3 724
+2 724
+1 724
+2 362

fn=(558)
24 362
+3 724
+3 1448
+1 362
+2 362
+1 362

totals: 70035551
