# callgrind format
version: 1
creator: callgrind-3.18.1
pid: 113657
cmd:  ./task0
part: 31


desc: I1 cache: 
desc: D1 cache: 
desc: LL cache: 

desc: Timerange: Basic block 305126720 - 315173426
desc: Trigger: --dump-every-bb=10000000

positions: line
events: Ir
summary: 70056880


ob=(2) ???
fl=(51) ???
fn=(554) 0x00000000048764d0
0 3450
cob=(3) /usr/lib/x86_64-linux-gnu/libc.so.6
cfi=(160) ./string/../sysdeps/x86_64/multiarch/strchr-avx2.S
cfn=(556) __strchrnul_avx2
calls=1725 51 
0 32775

fn=(610) 0x00000000048763e0
0 3440
cob=(3)
cfi=(175) ./string/../sysdeps/x86_64/multiarch/memmove-vec-unaligned-erms.S
cfn=(612) __mempcpy_avx_unaligned_erms
calls=1720 294 
0 31540

fn=(548) 0x0000000000109050
0 1150
cob=(3)
cfi=(158) ./stdio-common/./stdio-common/printf.c
cfn=(550) printf
calls=575 28 
0 584280

ob=(5) /home/iustina/uni/asc/labs/c/lab06/skl/task0/task0
fl=(150) ???
fn=(508) (below main)
cob=(3)
cfi=(151) ./csu/../csu/libc-start.c
cfn=(510) __libc_start_main@@GLIBC_2.34
calls=0 242 
0 70056880

fl=(157) /home/iustina/uni/asc/labs/c/lab06/skl/task0/task0.c
fn=(546) ShowProgress
27 4020
+1 670
+3 2010
+1 8710
+2 11390
+1 3450
cob=(2)
cfi=(51)
cfn=(548)
calls=575 -35 
* 585430
+2 2010

fn=(540) main
cfn=(542) FindPrimes
calls=0 39 
58 70056880

fn=(542)
46 2010
cfn=(544) TestForPrime
calls=670 -31 
* 69428712
* 1340
+3 732
+1 366
+2 610
cfn=(546)
calls=122 -25 
* 111430
* 2740
cfn=(546)
calls=548 -25 
* 506260
-7 2680

fn=(544)
15 2680
+1 670
+1 1340
+2 29751690
+1 548
+1 548
-4 39669226
+7 670
+1 1340

ob=(1) /usr/lib/x86_64-linux-gnu/ld-linux-x86-64.so.2
fl=(1) ???
fn=(0) 0x0000000000020290
cob=(5)
cfi=(150)
cfn=(508)
calls=0 0 
0 70056880

ob=(3)
fl=(174) ./libio/./libio/iopadn.c
fn=(608) _IO_padn
37 3450
+8 575
-8 4025
+7 1150
+10 1725
-13 1150
+21 1150
+2 575
fi=(176) ./libio/./libio/libioP.h
940 1725
+2 1150
+1 1150
fe=(174)
64 2300
cfi=(162) ./libio/./libio/fileops.c
cfn=(560) _IO_file_xsputn@@GLIBC_2.2.5
calls=575 1197 
* 41975
+1 575
+3 6900

fl=(177) ./io/../sysdeps/unix/sysv/linux/write.c
fn=(624) write
25 5
+1 35
+1 5

fl=(162)
fn=(602) _IO_do_write@@GLIBC_2.2.5
423 5
+2 15
-2 5
fi=(176)
940 5
fe=(162)
423 10
fi=(176)
940 5
fe=(162)
423 5
fi=(176)
940 10
fe=(162)
423 25
+20 5
-10 10
+7 20
fi=(176)
942 10
+1 10
fe=(162)
448 20
cfn=(622) _IO_file_write@@GLIBC_2.2.5
calls=5 1173 
* 230
* 5
+1 25
+2 5
+4 10
-3 10
-1 10
+4 10
-2 5
-28 20
+1 40
+28 10

fn=(562) _IO_file_overflow@@GLIBC_2.2.5
731 3000
+1 2400
+7 3000
+37 600
-2 1200
+3 1190
+3 1785
+1 1785
+1 2380
+4 595
+1 2385
-12 5
+1 5
+11 10
-12 5
cfn=(602)
calls=5 423 
* 540

fn=(560)
1197 14375
+7 2875
-7 8625
+6 9200
+9 3450
-2 6900
+23 1720
+2 1720
+2 3440
-2 1720
+1 1720
+1 1720
-2 1720
cob=(2)
cfi=(51)
cfn=(610)
calls=1720 0 
* 34980
* 1720
+4 3440
+28 25875
-55 1725
+4 1725
-4 1725
+1 3450
+18 25
+12 5
fi=(176)
940 15
+2 10
+1 10
fe=(162)
1243 15
cfn=(562)
calls=5 731 
* 655
* 10
+6 10
+1 35
+2 10
+11 15
+1 20
cfi=(163) ./libio/./libio/genops.c
cfn=(604) _IO_default_xsputn
calls=5 371 
* 1225
+2 15
-48 12015
-2 14890

fn=(622)
1173 35
+2 30
+5 5
cfi=(177)
cfn=(624)
calls=5 25 
* 45
+1 10
+5 5
+1 5
-12 10
+4 15
+1 10
+10 15
+3 30
-4 15

fl=(160)
fn=(556)
51 1725
+2 1725
+1 1725
+1 1725
+1 1725
+1 1725
+3 1725
+1 1725
+4 1725
+1 1725
+1 1725
+1 1725
+1 1725
+1 1725
+1 1725
+1 1725
+6 1725
+1 3450

fl=(153) ./csu/../sysdeps/nptl/libc_start_call_main.h
fn=(532) (below main)
cob=(5)
cfi=(157)
cfn=(540)
calls=0 56 
58 70056880

fl=(158)
fn=(550)
28 7475
+4 575
+1 1150
-1 1150
+1 575
-1 575
+1 575
-1 575
+1 575
-1 575
+1 575
cfi=(159) ./stdio-common/./stdio-common/vfprintf-internal.c
cfn=(552) __vfprintf_internal
calls=575 1180 
* 567030
+4 2875

fl=(173) ./stdio-common/./stdio-common/_itoa.c
fn=(606) _itoa_word
163 1150
+3 2300
+2 1150
+9 17250
+9 1150

fl=(175)
fn=(612)
294 1720
+1 1720
+1 1720
+1 1720
+17 1720
+1 1720
+42 1720
+1 1720
+2 1720
+1 1720
+2 1720
+4 1720
+1 1150
+1 1150
+1 1150
+1 1150
+1 575
+1 575
+2 575
+2 575
-2 575
+2 575
+6 570
+1 570
+1 570
+1 570
+1 570

fl=(163)
fn=(616) __overflow
199 1725
+2 1725
+2 575
fi=(176)
940 1725
+2 1150
+1 1150
fe=(163)
203 575
+1 1150
-1 575
cfi=(162)
cfn=(562)
calls=575 731 
* 19550

fn=(604)
371 5
+3 10
-3 40
fi=(176)
940 5
fe=(163)
371 5
fi=(176)
940 5
fe=(163)
371 5
fi=(176)
940 5
fe=(163)
371 10
+28 70
fi=(176)
942 40
+1 40
fe=(163)
399 80
cfi=(162)
cfn=(562)
calls=20 731 
* 680
* 40
+2 20
-22 120
+25 5
-29 5
+29 35

fl=(159)
fn=(552)
1180 6900
+30 2875
+8 1725
+4 2875
+11 1150
+11 575
fi=(186) ./stdio-common/./stdio-common/printf-parse.h
111 1150
fe=(159)
1244 2875
fi=(186)
111 575
cob=(2)
cfi=(51)
cfn=(554)
calls=575 0 
* 12075
fe=(159)
1259 575
fi=(186)
111 575
fe=(159)
1259 1725
239 575
fi=(187) ./stdio-common/../libio/libioP.h
940 575
fe=(159)
1263 575
fi=(187)
942 575
-2 575
fe=(159)
1263 575
fi=(187)
940 1150
+2 1150
+1 1150
fe=(159)
239 2300
cfi=(162)
cfn=(560)
calls=575 1197 
* 51830
* 1150
127 5175
1263 1150
+4 1725
+4 4600
1532 575
1214 575
+34 575
-8 575
1532 1725
+23 575
-39 575
+39 575
-39 575
+39 1150
1313 17250
+39 1150
-51 1150
-1 1150
-1 1150
-1 1150
+5 1150
1501 1150
fi=(186)
88 1150
fe=(159)
1352 1150
-46 1150
-4 1150
+50 1150
1501 1150
1295 1150
-1 1150
-1 1150
-1 1150
-1 1150
+16 2300
1608 1150
+1 1150
+3 6900
-4 5175
1218 1150
+41 2300
cfi=(161) ./nptl/./nptl/libc-cleanup.c
cfn=(558) __libc_cleanup_push_defer
calls=575 24 
* 5750
+1 7475
-1 1150
1609 1150
cfi=(161)
cfn=(618) __libc_cleanup_pop_restore
calls=575 39 
* 4600
+2 575
-95 7475
cfi=(173)
cfn=(606)
calls=575 163 
* 23000
* 18975
192 1150
+47 575
fi=(187)
942 1725
+1 1150
fe=(159)
239 2300
cfi=(162)
cfn=(560)
calls=575 1197 
* 46000
* 1150
127 7475
1517 1150
-54 575
+53 5750
+73 575
fi=(186)
111 575
fe=(159)
1583 575
fi=(186)
111 1150
cob=(2)
cfi=(51)
cfn=(554)
calls=575 0 
* 12075
fe=(159)
1589 575
fi=(186)
111 575
fe=(159)
1583 575
fi=(186)
111 1150
cob=(2)
cfi=(51)
cfn=(554)
calls=575 0 
* 12075
fe=(159)
239 1150
fi=(187)
942 1150
fe=(159)
1593 1150
fi=(186)
111 1150
fi=(187)
942 1150
fe=(159)
1593 1150
fi=(187)
942 1150
+1 2300
fe=(159)
239 4600
cfi=(162)
cfn=(560)
calls=1150 1197 
* 23000
* 2300
127 14950
1593 2300
+2 2875
-79 1150
-48 575
fi=(186)
76 575
+2 575
-2 575
+2 575
-2 575
+2 2875
fe=(159)
1408 1150
1516 10350
192 1150
+4 5175
cfi=(174)
cfn=(608)
calls=575 37 
* 69575
+4 1725
-73 6900
1516 2875
1415 1150
+3 2300
-26 1150
1516 4600
-98 5750
+98 9200
cfi=(163)
cfn=(616)
calls=575 199 
* 29900
* 1150

fl=(151)
fn=(510)
cfi=(153)
cfn=(532)
calls=0 29 
392 70056880

fl=(161)
fn=(618)
39 575
+3 1150
+2 1150
+1 1150
+2 575

fn=(558)
24 575
+3 1150
+3 2300
+1 575
+2 575
+1 575

totals: 70056880
