# callgrind format
version: 1
creator: callgrind-3.18.1
pid: 113657
cmd:  ./task0
part: 63


desc: I1 cache: 
desc: D1 cache: 
desc: LL cache: 

desc: Timerange: Basic block 631178726 - 641220217
desc: Trigger: --dump-every-bb=10000000

positions: line
events: Ir
summary: 70050187


ob=(2) ???
fl=(51) ???
fn=(554) 0x00000000048764d0
0 3060
cob=(3) /usr/lib/x86_64-linux-gnu/libc.so.6
cfi=(160) ./string/../sysdeps/x86_64/multiarch/strchr-avx2.S
cfn=(556) __strchrnul_avx2
calls=1530 51 
0 29070

fn=(610) 0x00000000048763e0
0 3052
cob=(3)
cfi=(175) ./string/../sysdeps/x86_64/multiarch/memmove-vec-unaligned-erms.S
cfn=(612) __mempcpy_avx_unaligned_erms
calls=1526 294 
0 27982

fn=(548) 0x0000000000109050
0 1020
cob=(3)
cfi=(158) ./stdio-common/./stdio-common/printf.c
cfn=(550) printf
calls=510 28 
0 518074

ob=(5) /home/iustina/uni/asc/labs/c/lab06/skl/task0/task0
fl=(150) ???
fn=(508) (below main)
cob=(3)
cfi=(151) ./csu/../csu/libc-start.c
cfn=(510) __libc_start_main@@GLIBC_2.34
calls=0 242 
0 70050187

fl=(157) /home/iustina/uni/asc/labs/c/lab06/skl/task0/task0.c
fn=(546) ShowProgress
27 3060
+1 510
+3 1530
+1 6630
+2 8670
+1 3060
cob=(2)
cfi=(51)
cfn=(548)
calls=510 -35 
* 519094
+2 1530

fn=(540) main
cfn=(542) FindPrimes
calls=0 39 
58 70050187

fn=(542)
46 1530
cfn=(544) TestForPrime
calls=510 -31 
* 69498216
* 1020
+3 498
+1 249
+2 415
cfn=(546)
calls=83 -25 
* 88673
* 2135
cfn=(546)
calls=427 -25 
* 455411
-7 2040

fn=(544)
15 2040
+1 510
+1 1020
+2 29782332
+1 427
+1 427
-4 39709930
+7 510
+1 1020

ob=(1) /usr/lib/x86_64-linux-gnu/ld-linux-x86-64.so.2
fl=(1) ???
fn=(0) 0x0000000000020290
cob=(5)
cfi=(150)
cfn=(508)
calls=0 0 
0 70050187

ob=(3)
fl=(174) ./libio/./libio/iopadn.c
fn=(608) _IO_padn
37 3060
+8 510
-8 3570
+7 1020
+10 1530
-13 1020
+21 1020
+2 510
fi=(176) ./libio/./libio/libioP.h
940 1530
+2 1020
+1 1020
fe=(174)
64 2040
cfi=(162) ./libio/./libio/fileops.c
cfn=(560) _IO_file_xsputn@@GLIBC_2.2.5
calls=510 1197 
* 37230
+1 510
+3 6120

fl=(177) ./io/../sysdeps/unix/sysv/linux/write.c
fn=(624) write
25 4
+1 28
+1 4

fl=(162)
fn=(602) _IO_do_write@@GLIBC_2.2.5
423 4
+2 12
-2 4
fi=(176)
940 4
fe=(162)
423 8
fi=(176)
940 4
fe=(162)
423 4
fi=(176)
940 8
fe=(162)
423 20
+20 4
-10 8
+7 16
fi=(176)
942 8
+1 8
fe=(162)
448 16
cfn=(622) _IO_file_write@@GLIBC_2.2.5
calls=4 1173 
* 184
* 4
+1 20
+2 4
+4 8
-3 8
-1 8
+4 8
-2 4
-28 16
+1 32
+28 8

fn=(562) _IO_file_overflow@@GLIBC_2.2.5
731 2650
+1 2120
+7 2650
+37 530
-2 1060
+3 1052
+3 1578
+1 1578
+1 2104
+4 526
+1 2108
-12 4
+1 4
+11 8
-12 4
cfn=(602)
calls=4 423 
* 432

fn=(560)
1197 12750
+7 2550
-7 7650
+6 8160
+9 3060
-2 6120
+23 1526
+2 1526
+2 3052
-2 1526
+1 1526
+1 1526
-2 1526
cob=(2)
cfi=(51)
cfn=(610)
calls=1526 0 
* 31034
* 1526
+4 3052
+28 22950
-55 1530
+4 1530
-4 1530
+1 3060
+18 20
+12 4
fi=(176)
940 12
+2 8
+1 8
fe=(162)
1243 12
cfn=(562)
calls=4 731 
* 524
* 8
+6 8
+1 28
+2 8
+11 12
+1 16
cfi=(163) ./libio/./libio/genops.c
cfn=(604) _IO_default_xsputn
calls=4 371 
* 980
+2 12
-48 10662
-2 13212

fn=(622)
1173 28
+2 24
+5 4
cfi=(177)
cfn=(624)
calls=4 25 
* 36
+1 8
+5 4
+1 4
-12 8
+4 12
+1 8
+10 12
+3 24
-4 12

fl=(160)
fn=(556)
51 1530
+2 1530
+1 1530
+1 1530
+1 1530
+1 1530
+3 1530
+1 1530
+4 1530
+1 1530
+1 1530
+1 1530
+1 1530
+1 1530
+1 1530
+1 1530
+6 1530
+1 3060

fl=(153) ./csu/../sysdeps/nptl/libc_start_call_main.h
fn=(532) (below main)
cob=(5)
cfi=(157)
cfn=(540)
calls=0 56 
58 70050187

fl=(158)
fn=(550)
28 6630
+4 510
+1 1020
-1 1020
+1 510
-1 510
+1 510
-1 510
+1 510
-1 510
+1 510
cfi=(159) ./stdio-common/./stdio-common/vfprintf-internal.c
cfn=(552) __vfprintf_internal
calls=510 1180 
* 502774
+4 2550

fl=(173) ./stdio-common/./stdio-common/_itoa.c
fn=(606) _itoa_word
163 1020
+3 2040
+2 1020
+9 15300
+9 1020

fl=(175)
fn=(612)
294 1526
+1 1526
+1 1526
+1 1526
+17 1526
+1 1526
+42 1526
+1 1526
+2 1526
+1 1526
+2 1526
+4 1526
+1 1020
+1 1020
+1 1020
+1 1020
+1 510
+1 510
+2 510
+2 510
-2 510
+2 510
+6 506
+1 506
+1 506
+1 506
+1 506

fl=(163)
fn=(616) __overflow
199 1530
+2 1530
+2 510
fi=(176)
940 1530
+2 1020
+1 1020
fe=(163)
203 510
+1 1020
-1 510
cfi=(162)
cfn=(562)
calls=510 731 
* 17340

fn=(604)
371 4
+3 8
-3 32
fi=(176)
940 4
fe=(163)
371 4
fi=(176)
940 4
fe=(163)
371 4
fi=(176)
940 4
fe=(163)
371 8
+28 56
fi=(176)
942 32
+1 32
fe=(163)
399 64
cfi=(162)
cfn=(562)
calls=16 731 
* 544
* 32
+2 16
-22 96
+25 4
-29 4
+29 28

fl=(159)
fn=(552)
1180 6120
+30 2550
+8 1530
+4 2550
+11 1020
+11 510
fi=(186) ./stdio-common/./stdio-common/printf-parse.h
111 1020
fe=(159)
1244 2550
fi=(186)
111 510
cob=(2)
cfi=(51)
cfn=(554)
calls=510 0 
* 10710
fe=(159)
1259 510
fi=(186)
111 510
fe=(159)
1259 1530
239 510
fi=(187) ./stdio-common/../libio/libioP.h
940 510
fe=(159)
1263 510
fi=(187)
942 510
-2 510
fe=(159)
1263 510
fi=(187)
940 1020
+2 1020
+1 1020
fe=(159)
239 2040
cfi=(162)
cfn=(560)
calls=510 1197 
* 45814
* 1020
127 4590
1263 1020
+4 1530
+4 4080
1532 510
1214 510
+34 510
-8 510
1532 1530
+23 510
-39 510
+39 510
-39 510
+39 1020
1313 15300
+39 1020
-51 1020
-1 1020
-1 1020
-1 1020
+5 1020
1501 1020
fi=(186)
88 1020
fe=(159)
1352 1020
-46 1020
-4 1020
+50 1020
1501 1020
1295 1020
-1 1020
-1 1020
-1 1020
-1 1020
+16 2040
1608 1020
+1 1020
+3 6120
-4 4590
1218 1020
+41 2040
cfi=(161) ./nptl/./nptl/libc-cleanup.c
cfn=(558) __libc_cleanup_push_defer
calls=510 24 
* 5100
+1 6630
-1 1020
1609 1020
cfi=(161)
cfn=(618) __libc_cleanup_pop_restore
calls=510 39 
* 4080
+2 510
-95 6630
cfi=(173)
cfn=(606)
calls=510 163 
* 20400
* 16830
192 1020
+47 510
fi=(187)
942 1530
+1 1020
fe=(159)
239 2040
cfi=(162)
cfn=(560)
calls=510 1197 
* 40800
* 1020
127 6630
1517 1020
-54 510
+53 5100
+73 510
fi=(186)
111 510
fe=(159)
1583 510
fi=(186)
111 1020
cob=(2)
cfi=(51)
cfn=(554)
calls=510 0 
* 10710
fe=(159)
1589 510
fi=(186)
111 510
fe=(159)
1583 510
fi=(186)
111 1020
cob=(2)
cfi=(51)
cfn=(554)
calls=510 0 
* 10710
fe=(159)
239 1020
fi=(187)
942 1020
fe=(159)
1593 1020
fi=(186)
111 1020
fi=(187)
942 1020
fe=(159)
1593 1020
fi=(187)
942 1020
+1 2040
fe=(159)
239 4080
cfi=(162)
cfn=(560)
calls=1020 1197 
* 20400
* 2040
127 13260
1593 2040
+2 2550
-79 1020
-48 510
fi=(186)
76 510
+2 510
-2 510
+2 510
-2 510
+2 2550
fe=(159)
1408 1020
1516 9180
192 1020
+4 4590
cfi=(174)
cfn=(608)
calls=510 37 
* 61710
+4 1530
-73 6120
1516 2550
1415 1020
+3 2040
-26 1020
1516 4080
-98 5100
+98 8160
cfi=(163)
cfn=(616)
calls=510 199 
* 26520
* 1020

fl=(151)
fn=(510)
cfi=(153)
cfn=(532)
calls=0 29 
392 70050187

fl=(161)
fn=(618)
39 510
+3 1020
+2 1020
+1 1020
+2 510

fn=(558)
24 510
+3 1020
+3 2040
+1 510
+2 510
+1 510

totals: 70050187
