# callgrind format
version: 1
creator: callgrind-3.18.1
pid: 113657
cmd:  ./task0
part: 66


desc: I1 cache: 
desc: D1 cache: 
desc: LL cache: 

desc: Timerange: Basic block 661293920 - 671317987
desc: Trigger: --dump-every-bb=10000000

positions: line
events: Ir
summary: 70029447


ob=(2) ???
fl=(51) ???
fn=(554) 0x00000000048764d0
0 1788
cob=(3) /usr/lib/x86_64-linux-gnu/libc.so.6
cfi=(160) ./string/../sysdeps/x86_64/multiarch/strchr-avx2.S
cfn=(556) __strchrnul_avx2
calls=894 51 
0 16986

fn=(610) 0x00000000048763e0
0 1784
cob=(3)
cfi=(175) ./string/../sysdeps/x86_64/multiarch/memmove-vec-unaligned-erms.S
cfn=(612) __mempcpy_avx_unaligned_erms
calls=892 294 
0 16356

fn=(548) 0x0000000000109050
0 596
cob=(3)
cfi=(158) ./stdio-common/./stdio-common/printf.c
cfn=(550) printf
calls=298 28 
0 302596

ob=(5) /home/iustina/uni/asc/labs/c/lab06/skl/task0/task0
fl=(150) ???
fn=(508) (below main)
cob=(3)
cfi=(151) ./csu/../csu/libc-start.c
cfn=(510) __libc_start_main@@GLIBC_2.34
calls=0 242 
0 70029447

fl=(157) /home/iustina/uni/asc/labs/c/lab06/skl/task0/task0.c
fn=(546) ShowProgress
27 2760
+1 460
+3 1380
+1 5980
+2 7820
+1 1788
cob=(2)
cfi=(51)
cfn=(548)
calls=298 -35 
* 303192
+2 1380

fn=(540) main
cfn=(542) FindPrimes
calls=0 39 
58 70029447

fn=(542)
46 1380
cfn=(544) TestForPrime
calls=460 -31 
* 69697518
* 920
+3 486
+1 243
+2 405
cfn=(546)
calls=81 -25 
* 54894
* 1895
cfn=(546)
calls=379 -25 
* 269866
-7 1840

fn=(544)
15 1840
+1 460
+1 920
+2 29867988
+1 379
+1 379
-4 39824172
+7 460
+1 920

ob=(1) /usr/lib/x86_64-linux-gnu/ld-linux-x86-64.so.2
fl=(1) ???
fn=(0) 0x0000000000020290
cob=(5)
cfi=(150)
cfn=(508)
calls=0 0 
0 70029447

ob=(3)
fl=(174) ./libio/./libio/iopadn.c
fn=(608) _IO_padn
37 1788
+8 298
-8 2086
+7 596
+10 894
-13 596
+21 596
+2 298
fi=(176) ./libio/./libio/libioP.h
940 894
+2 596
+1 596
fe=(174)
64 1192
cfi=(162) ./libio/./libio/fileops.c
cfn=(560) _IO_file_xsputn@@GLIBC_2.2.5
calls=298 1197 
* 21754
+1 298
+3 3576

fl=(177) ./io/../sysdeps/unix/sysv/linux/write.c
fn=(624) write
25 2
+1 14
+1 2

fl=(162)
fn=(602) _IO_do_write@@GLIBC_2.2.5
423 2
+2 6
-2 2
fi=(176)
940 2
fe=(162)
423 4
fi=(176)
940 2
fe=(162)
423 2
fi=(176)
940 4
fe=(162)
423 10
+20 2
-10 4
+7 8
fi=(176)
942 4
+1 4
fe=(162)
448 8
cfn=(622) _IO_file_write@@GLIBC_2.2.5
calls=2 1173 
* 92
* 2
+1 10
+2 2
+4 4
-3 4
-1 4
+4 4
-2 2
-28 8
+1 16
+28 4

fn=(562) _IO_file_overflow@@GLIBC_2.2.5
731 1540
+1 1232
+7 1540
+37 308
-2 616
+3 612
+3 918
+1 918
+1 1224
+4 306
+1 1226
-12 2
+1 2
+11 4
-12 2
cfn=(602)
calls=2 423 
* 216

fn=(560)
1197 7450
+7 1490
-7 4470
+6 4768
+9 1788
-2 3576
+23 892
+2 892
+2 1784
-2 892
+1 892
+1 892
-2 892
cob=(2)
cfi=(51)
cfn=(610)
calls=892 0 
* 18140
* 892
+4 1784
+28 13410
-55 894
+4 894
-4 894
+1 1788
+18 10
+12 2
fi=(176)
940 6
+2 4
+1 4
fe=(162)
1243 6
cfn=(562)
calls=2 731 
* 262
* 4
+6 4
+1 14
+2 4
+11 6
+1 8
cfi=(163) ./libio/./libio/genops.c
cfn=(604) _IO_default_xsputn
calls=2 371 
* 490
+2 6
-48 6234
-2 7724

fn=(622)
1173 14
+2 12
+5 2
cfi=(177)
cfn=(624)
calls=2 25 
* 18
+1 4
+5 2
+1 2
-12 4
+4 6
+1 4
+10 6
+3 12
-4 6

fl=(160)
fn=(556)
51 894
+2 894
+1 894
+1 894
+1 894
+1 894
+3 894
+1 894
+4 894
+1 894
+1 894
+1 894
+1 894
+1 894
+1 894
+1 894
+6 894
+1 1788

fl=(153) ./csu/../sysdeps/nptl/libc_start_call_main.h
fn=(532) (below main)
cob=(5)
cfi=(157)
cfn=(540)
calls=0 56 
58 70029447

fl=(158)
fn=(550)
28 3874
+4 298
+1 596
-1 596
+1 298
-1 298
+1 298
-1 298
+1 298
-1 298
+1 298
cfi=(159) ./stdio-common/./stdio-common/vfprintf-internal.c
cfn=(552) __vfprintf_internal
calls=298 1180 
* 293656
+4 1490

fl=(173) ./stdio-common/./stdio-common/_itoa.c
fn=(606) _itoa_word
163 596
+3 1192
+2 596
+9 8940
+9 596

fl=(175)
fn=(612)
294 892
+1 892
+1 892
+1 892
+17 892
+1 892
+42 892
+1 892
+2 892
+1 892
+2 892
+4 892
+1 596
+1 596
+1 596
+1 596
+1 298
+1 298
+2 298
+2 298
-2 298
+2 298
+6 296
+1 296
+1 296
+1 296
+1 296

fl=(163)
fn=(616) __overflow
199 894
+2 894
+2 298
fi=(176)
940 894
+2 596
+1 596
fe=(163)
203 298
+1 596
-1 298
cfi=(162)
cfn=(562)
calls=298 731 
* 10132

fn=(604)
371 2
+3 4
-3 16
fi=(176)
940 2
fe=(163)
371 2
fi=(176)
940 2
fe=(163)
371 2
fi=(176)
940 2
fe=(163)
371 4
+28 28
fi=(176)
942 16
+1 16
fe=(163)
399 32
cfi=(162)
cfn=(562)
calls=8 731 
* 272
* 16
+2 8
-22 48
+25 2
-29 2
+29 14

fl=(159)
fn=(552)
1180 3576
+30 1490
+8 894
+4 1490
+11 596
+11 298
fi=(186) ./stdio-common/./stdio-common/printf-parse.h
111 596
fe=(159)
1244 1490
fi=(186)
111 298
cob=(2)
cfi=(51)
cfn=(554)
calls=298 0 
* 6258
fe=(159)
1259 298
fi=(186)
111 298
fe=(159)
1259 894
239 298
fi=(187) ./stdio-common/../libio/libioP.h
940 298
fe=(159)
1263 298
fi=(187)
942 298
-2 298
fe=(159)
1263 298
fi=(187)
940 596
+2 596
+1 596
fe=(159)
239 1192
cfi=(162)
cfn=(560)
calls=298 1197 
* 26648
* 596
127 2682
1263 596
+4 894
+4 2384
1532 298
1214 298
+34 298
-8 298
1532 894
+23 298
-39 298
+39 298
-39 298
+39 596
1313 8940
+39 596
-51 596
-1 596
-1 596
-1 596
+5 596
1501 596
fi=(186)
88 596
fe=(159)
1352 596
-46 596
-4 596
+50 596
1501 596
1295 596
-1 596
-1 596
-1 596
-1 596
+16 1192
1608 596
+1 596
+3 3576
-4 2682
1218 596
+41 1192
cfi=(161) ./nptl/./nptl/libc-cleanup.c
cfn=(558) __libc_cleanup_push_defer
calls=298 24 
* 2980
+1 3874
-1 596
1609 596
cfi=(161)
cfn=(618) __libc_cleanup_pop_restore
calls=298 39 
* 2384
+2 298
-95 3874
cfi=(173)
cfn=(606)
calls=298 163 
* 11920
* 9834
192 596
+47 298
fi=(187)
942 894
+1 596
fe=(159)
239 1192
cfi=(162)
cfn=(560)
calls=298 1197 
* 23840
* 596
127 3874
1517 596
-54 298
+53 2980
+73 298
fi=(186)
111 298
fe=(159)
1583 298
fi=(186)
111 596
cob=(2)
cfi=(51)
cfn=(554)
calls=298 0 
* 6258
fe=(159)
1589 298
fi=(186)
111 298
fe=(159)
1583 298
fi=(186)
111 596
cob=(2)
cfi=(51)
cfn=(554)
calls=298 0 
* 6258
fe=(159)
239 596
fi=(187)
942 596
fe=(159)
1593 596
fi=(186)
111 596
fi=(187)
942 596
fe=(159)
1593 596
fi=(187)
942 596
+1 1192
fe=(159)
239 2384
cfi=(162)
cfn=(560)
calls=596 1197 
* 11920
* 1192
127 7748
1593 1192
+2 1490
-79 596
-48 298
fi=(186)
76 298
+2 298
-2 298
+2 298
-2 298
+2 1490
fe=(159)
1408 596
1516 5364
192 596
+4 2682
cfi=(174)
cfn=(608)
calls=298 37 
* 36058
+4 894
-73 3576
1516 1490
1415 596
+3 1192
-26 596
1516 2384
-98 2980
+98 4768
cfi=(163)
cfn=(616)
calls=298 199 
* 15496
* 596

fl=(151)
fn=(510)
cfi=(153)
cfn=(532)
calls=0 29 
392 70029447

fl=(161)
fn=(618)
39 298
+3 596
+2 596
+1 596
+2 298

fn=(558)
24 298
+3 596
+3 1192
+1 298
+2 298
+1 298

totals: 70029447
