# callgrind format
version: 1
creator: callgrind-3.18.1
pid: 113657
cmd:  ./task0
part: 109


desc: I1 cache: 
desc: D1 cache: 
desc: LL cache: 

desc: Timerange: Basic block 1099516238 - 1109549017
desc: Trigger: --dump-every-bb=10000000

positions: line
events: Ir
summary: 70039599


ob=(2) ???
fl=(51) ???
fn=(554) 0x00000000048764d0
0 2418
cob=(3) /usr/lib/x86_64-linux-gnu/libc.so.6
cfi=(160) ./string/../sysdeps/x86_64/multiarch/strchr-avx2.S
cfn=(556) __strchrnul_avx2
calls=1209 51 
0 22971

fn=(610) 0x00000000048763e0
0 2412
cob=(3)
cfi=(175) ./string/../sysdeps/x86_64/multiarch/memmove-vec-unaligned-erms.S
cfn=(612) __mempcpy_avx_unaligned_erms
calls=1206 294 
0 22114

fn=(548) 0x0000000000109050
0 806
cob=(3)
cfi=(158) ./stdio-common/./stdio-common/printf.c
cfn=(550) printf
calls=403 28 
0 409322

ob=(5) /home/iustina/uni/asc/labs/c/lab06/skl/task0/task0
fl=(150) ???
fn=(508) (below main)
cob=(3)
cfi=(151) ./csu/../csu/libc-start.c
cfn=(510) __libc_start_main@@GLIBC_2.34
calls=0 242 
0 70039599

fl=(157) /home/iustina/uni/asc/labs/c/lab06/skl/task0/task0.c
fn=(546) ShowProgress
27 2418
+1 403
+3 1209
+1 5239
+2 6851
+1 2418
cob=(2)
cfi=(51)
cfn=(548)
calls=403 -35 
* 410128
+2 1209

fn=(540) main
cfn=(542) FindPrimes
calls=0 39 
58 70039599

fn=(542)
46 1209
cfn=(544) TestForPrime
calls=403 -31 
* 69603515
* 806
+3 378
+1 189
+2 315
cfn=(546)
calls=63 -25 
* 67032
* 1700
cfn=(546)
calls=340 -25 
* 362843
-7 1612

fn=(544)
15 1612
+1 403
+1 806
+2 29828016
+1 340
+1 340
-4 39770789
+7 403
+1 806

ob=(1) /usr/lib/x86_64-linux-gnu/ld-linux-x86-64.so.2
fl=(1) ???
fn=(0) 0x0000000000020290
cob=(5)
cfi=(150)
cfn=(508)
calls=0 0 
0 70039599

ob=(3)
fl=(174) ./libio/./libio/iopadn.c
fn=(608) _IO_padn
37 2418
+8 403
-8 2821
+7 806
+10 1209
-13 806
+21 806
+2 403
fi=(176) ./libio/./libio/libioP.h
940 1209
+2 806
+1 806
fe=(174)
64 1612
cfi=(162) ./libio/./libio/fileops.c
cfn=(560) _IO_file_xsputn@@GLIBC_2.2.5
calls=403 1197 
* 29419
+1 403
+3 4836

fl=(177) ./io/../sysdeps/unix/sysv/linux/write.c
fn=(624) write
25 3
+1 21
+1 3

fl=(162)
fn=(602) _IO_do_write@@GLIBC_2.2.5
423 3
+2 9
-2 3
fi=(176)
940 3
fe=(162)
423 6
fi=(176)
940 3
fe=(162)
423 3
fi=(176)
940 6
fe=(162)
423 15
+20 3
-10 6
+7 12
fi=(176)
942 6
+1 6
fe=(162)
448 12
cfn=(622) _IO_file_write@@GLIBC_2.2.5
calls=3 1173 
* 138
* 3
+1 15
+2 3
+4 6
-3 6
-1 6
+4 6
-2 3
-28 12
+1 24
+28 6

fn=(562) _IO_file_overflow@@GLIBC_2.2.5
731 2090
+1 1672
+7 2090
+37 418
-2 836
+3 830
+3 1245
+1 1245
+1 1660
+4 415
+1 1663
-12 3
+1 3
+11 6
-12 3
cfn=(602)
calls=3 423 
* 324

fn=(560)
1197 10075
+7 2015
-7 6045
+6 6448
+9 2418
-2 4836
+23 1206
+2 1206
+2 2412
-2 1206
+1 1206
+1 1206
-2 1206
cob=(2)
cfi=(51)
cfn=(610)
calls=1206 0 
* 24526
* 1206
+4 2412
+28 18135
-55 1209
+4 1209
-4 1209
+1 2418
+18 15
+12 3
fi=(176)
940 9
+2 6
+1 6
fe=(162)
1243 9
cfn=(562)
calls=3 731 
* 393
* 6
+6 6
+1 21
+2 6
+11 9
+1 12
cfi=(163) ./libio/./libio/genops.c
cfn=(604) _IO_default_xsputn
calls=3 371 
* 735
+2 9
-48 8427
-2 10442

fn=(622)
1173 21
+2 18
+5 3
cfi=(177)
cfn=(624)
calls=3 25 
* 27
+1 6
+5 3
+1 3
-12 6
+4 9
+1 6
+10 9
+3 18
-4 9

fl=(160)
fn=(556)
51 1209
+2 1209
+1 1209
+1 1209
+1 1209
+1 1209
+3 1209
+1 1209
+4 1209
+1 1209
+1 1209
+1 1209
+1 1209
+1 1209
+1 1209
+1 1209
+6 1209
+1 2418

fl=(153) ./csu/../sysdeps/nptl/libc_start_call_main.h
fn=(532) (below main)
cob=(5)
cfi=(157)
cfn=(540)
calls=0 56 
58 70039599

fl=(158)
fn=(550)
28 5239
+4 403
+1 806
-1 806
+1 403
-1 403
+1 403
-1 403
+1 403
-1 403
+1 403
cfi=(159) ./stdio-common/./stdio-common/vfprintf-internal.c
cfn=(552) __vfprintf_internal
calls=403 1180 
* 397232
+4 2015

fl=(173) ./stdio-common/./stdio-common/_itoa.c
fn=(606) _itoa_word
163 806
+3 1612
+2 806
+9 12090
+9 806

fl=(175)
fn=(612)
294 1206
+1 1206
+1 1206
+1 1206
+17 1206
+1 1206
+42 1206
+1 1206
+2 1206
+1 1206
+2 1206
+4 1206
+1 806
+1 806
+1 806
+1 806
+1 403
+1 403
+2 403
+2 403
-2 403
+2 403
+6 400
+1 400
+1 400
+1 400
+1 400

fl=(163)
fn=(616) __overflow
199 1209
+2 1209
+2 403
fi=(176)
940 1209
+2 806
+1 806
fe=(163)
203 403
+1 806
-1 403
cfi=(162)
cfn=(562)
calls=403 731 
* 13702

fn=(604)
371 3
+3 6
-3 24
fi=(176)
940 3
fe=(163)
371 3
fi=(176)
940 3
fe=(163)
371 3
fi=(176)
940 3
fe=(163)
371 6
+28 42
fi=(176)
942 24
+1 24
fe=(163)
399 48
cfi=(162)
cfn=(562)
calls=12 731 
* 408
* 24
+2 12
-22 72
+25 3
-29 3
+29 21

fl=(159)
fn=(552)
1180 4836
+30 2015
+8 1209
+4 2015
+11 806
+11 403
fi=(186) ./stdio-common/./stdio-common/printf-parse.h
111 806
fe=(159)
1244 2015
fi=(186)
111 403
cob=(2)
cfi=(51)
cfn=(554)
calls=403 0 
* 8463
fe=(159)
1259 403
fi=(186)
111 403
fe=(159)
1259 1209
239 403
fi=(187) ./stdio-common/../libio/libioP.h
940 403
fe=(159)
1263 403
fi=(187)
942 403
-2 403
fe=(159)
1263 403
fi=(187)
940 806
+2 806
+1 806
fe=(159)
239 1612
cfi=(162)
cfn=(560)
calls=403 1197 
* 36144
* 806
127 3627
1263 806
+4 1209
+4 3224
1532 403
1214 403
+34 403
-8 403
1532 1209
+23 403
-39 403
+39 403
-39 403
+39 806
1313 12090
+39 806
-51 806
-1 806
-1 806
-1 806
+5 806
1501 806
fi=(186)
88 806
fe=(159)
1352 806
-46 806
-4 806
+50 806
1501 806
1295 806
-1 806
-1 806
-1 806
-1 806
+16 1612
1608 806
+1 806
+3 4836
-4 3627
1218 806
+41 1612
cfi=(161) ./nptl/./nptl/libc-cleanup.c
cfn=(558) __libc_cleanup_push_defer
calls=403 24 
* 4030
+1 5239
-1 806
1609 806
cfi=(161)
cfn=(618) __libc_cleanup_pop_restore
calls=403 39 
* 3224
+2 403
-95 5239
cfi=(173)
cfn=(606)
calls=403 163 
* 16120
* 13299
192 806
+47 403
fi=(187)
942 1209
+1 806
fe=(159)
239 1612
cfi=(162)
cfn=(560)
calls=403 1197 
* 32240
* 806
127 5239
1517 806
-54 403
+53 4030
+73 403
fi=(186)
111 403
fe=(159)
1583 403
fi=(186)
111 806
cob=(2)
cfi=(51)
cfn=(554)
calls=403 0 
* 8463
fe=(159)
1589 403
fi=(186)
111 403
fe=(159)
1583 403
fi=(186)
111 806
cob=(2)
cfi=(51)
cfn=(554)
calls=403 0 
* 8463
fe=(159)
239 806
fi=(187)
942 806
fe=(159)
1593 806
fi=(186)
111 806
fi=(187)
942 806
fe=(159)
1593 806
fi=(187)
942 806
+1 1612
fe=(159)
239 3224
cfi=(162)
cfn=(560)
calls=806 1197 
* 16120
* 1612
127 10478
1593 1612
+2 2015
-79 806
-48 403
fi=(186)
76 403
+2 403
-2 403
+2 403
-2 403
+2 2015
fe=(159)
1408 806
1516 7254
192 806
+4 3627
cfi=(174)
cfn=(608)
calls=403 37 
* 48763
+4 1209
-73 4836
1516 2015
1415 806
+3 1612
-26 806
1516 3224
-98 4030
+98 6448
cfi=(163)
cfn=(616)
calls=403 199 
* 20956
* 806

fl=(151)
fn=(510)
cfi=(153)
cfn=(532)
calls=0 29 
392 70039599

fl=(161)
fn=(618)
39 403
+3 806
+2 806
+1 806
+2 403

fn=(558)
24 403
+3 806
+3 1612
+1 403
+2 403
+1 403

totals: 70039599
