# callgrind format
version: 1
creator: callgrind-3.18.1
pid: 113657
cmd:  ./task0
part: 108


desc: I1 cache: 
desc: D1 cache: 
desc: LL cache: 

desc: Timerange: Basic block 1089500404 - 1099516238
desc: Trigger: --dump-every-bb=10000000

positions: line
events: Ir
summary: 70019478


ob=(2) ???
fl=(51) ???
fn=(554) 0x00000000048764d0
0 1182
cob=(3) /usr/lib/x86_64-linux-gnu/libc.so.6
cfi=(160) ./string/../sysdeps/x86_64/multiarch/strchr-avx2.S
cfn=(556) __strchrnul_avx2
calls=591 51 
0 11229

fn=(610) 0x00000000048763e0
0 1178
cob=(3)
cfi=(175) ./string/../sysdeps/x86_64/multiarch/memmove-vec-unaligned-erms.S
cfn=(612) __mempcpy_avx_unaligned_erms
calls=589 294 
0 10801

fn=(548) 0x0000000000109050
0 394
cob=(3)
cfi=(158) ./stdio-common/./stdio-common/printf.c
cfn=(550) printf
calls=197 28 
0 200283

ob=(5) /home/iustina/uni/asc/labs/c/lab06/skl/task0/task0
fl=(150) ???
fn=(508) (below main)
cob=(3)
cfi=(151) ./csu/../csu/libc-start.c
cfn=(510) __libc_start_main@@GLIBC_2.34
calls=0 242 
0 70019478

fl=(157) /home/iustina/uni/asc/labs/c/lab06/skl/task0/task0.c
fn=(546) ShowProgress
27 2466
+1 411
+3 1233
+1 5343
+2 6987
+1 1182
cob=(2)
cfi=(51)
cfn=(548)
calls=197 -35 
* 200677
+2 1233

fn=(540) main
cfn=(542) FindPrimes
calls=0 39 
58 70019478

fn=(542)
46 1233
cfn=(544) TestForPrime
calls=411 -31 
* 69793625
* 822
+3 378
+1 189
+2 315
cfn=(546)
calls=63 -25 
* 34360
* 1740
cfn=(546)
calls=348 -25 
* 185172
-7 1644

fn=(544)
15 1644
+1 411
+1 822
+2 29909454
+1 348
+1 348
-4 39879365
+7 411
+1 822

ob=(1) /usr/lib/x86_64-linux-gnu/ld-linux-x86-64.so.2
fl=(1) ???
fn=(0) 0x0000000000020290
cob=(5)
cfi=(150)
cfn=(508)
calls=0 0 
0 70019478

ob=(3)
fl=(174) ./libio/./libio/iopadn.c
fn=(608) _IO_padn
37 1182
+8 197
-8 1379
+7 394
+10 591
-13 394
+21 394
+2 197
fi=(176) ./libio/./libio/libioP.h
940 591
+2 394
+1 394
fe=(174)
64 788
cfi=(162) ./libio/./libio/fileops.c
cfn=(560) _IO_file_xsputn@@GLIBC_2.2.5
calls=197 1197 
* 14381
+1 197
+3 2364

fl=(177) ./io/../sysdeps/unix/sysv/linux/write.c
fn=(624) write
25 2
+1 14
+1 2

fl=(162)
fn=(602) _IO_do_write@@GLIBC_2.2.5
423 2
+2 6
-2 2
fi=(176)
940 2
fe=(162)
423 4
fi=(176)
940 2
fe=(162)
423 2
fi=(176)
940 4
fe=(162)
423 10
+20 2
-10 4
+7 8
fi=(176)
942 4
+1 4
fe=(162)
448 8
cfn=(622) _IO_file_write@@GLIBC_2.2.5
calls=2 1173 
* 92
* 2
+1 10
+2 2
+4 4
-3 4
-1 4
+4 4
-2 2
-28 8
+1 16
+28 4

fn=(562) _IO_file_overflow@@GLIBC_2.2.5
731 1035
+1 828
+7 1035
+37 207
-2 414
+3 410
+3 615
+1 615
+1 820
+4 205
+1 822
-12 2
+1 2
+11 4
-12 2
cfn=(602)
calls=2 423 
* 216

fn=(560)
1197 4925
+7 985
-7 2955
+6 3152
+9 1182
-2 2364
+23 589
+2 589
+2 1178
-2 589
+1 589
+1 589
-2 589
cob=(2)
cfi=(51)
cfn=(610)
calls=589 0 
* 11979
* 589
+4 1178
+28 8865
-55 591
+4 591
-4 591
+1 1182
+18 10
+12 2
fi=(176)
940 6
+2 4
+1 4
fe=(162)
1243 6
cfn=(562)
calls=2 731 
* 262
* 4
+6 4
+1 14
+2 4
+11 6
+1 8
cfi=(163) ./libio/./libio/genops.c
cfn=(604) _IO_default_xsputn
calls=2 371 
* 490
+2 6
-48 4113
-2 5098

fn=(622)
1173 14
+2 12
+5 2
cfi=(177)
cfn=(624)
calls=2 25 
* 18
+1 4
+5 2
+1 2
-12 4
+4 6
+1 4
+10 6
+3 12
-4 6

fl=(160)
fn=(556)
51 591
+2 591
+1 591
+1 591
+1 591
+1 591
+3 591
+1 591
+4 591
+1 591
+1 591
+1 591
+1 591
+1 591
+1 591
+1 591
+6 591
+1 1182

fl=(153) ./csu/../sysdeps/nptl/libc_start_call_main.h
fn=(532) (below main)
cob=(5)
cfi=(157)
cfn=(540)
calls=0 56 
58 70019478

fl=(158)
fn=(550)
28 2561
+4 197
+1 394
-1 394
+1 197
-1 197
+1 197
-1 197
+1 197
-1 197
+1 197
cfi=(159) ./stdio-common/./stdio-common/vfprintf-internal.c
cfn=(552) __vfprintf_internal
calls=197 1180 
* 194373
+4 985

fl=(173) ./stdio-common/./stdio-common/_itoa.c
fn=(606) _itoa_word
163 394
+3 788
+2 394
+9 5910
+9 394

fl=(175)
fn=(612)
294 589
+1 589
+1 589
+1 589
+17 589
+1 589
+42 589
+1 589
+2 589
+1 589
+2 589
+4 589
+1 394
+1 394
+1 394
+1 394
+1 197
+1 197
+2 197
+2 197
-2 197
+2 197
+6 195
+1 195
+1 195
+1 195
+1 195

fl=(163)
fn=(616) __overflow
199 591
+2 591
+2 197
fi=(176)
940 591
+2 394
+1 394
fe=(163)
203 197
+1 394
-1 197
cfi=(162)
cfn=(562)
calls=197 731 
* 6698

fn=(604)
371 2
+3 4
-3 16
fi=(176)
940 2
fe=(163)
371 2
fi=(176)
940 2
fe=(163)
371 2
fi=(176)
940 2
fe=(163)
371 4
+28 28
fi=(176)
942 16
+1 16
fe=(163)
399 32
cfi=(162)
cfn=(562)
calls=8 731 
* 272
* 16
+2 8
-22 48
+25 2
-29 2
+29 14

fl=(159)
fn=(552)
1180 2364
+30 985
+8 591
+4 985
+11 394
+11 197
fi=(186) ./stdio-common/./stdio-common/printf-parse.h
111 394
fe=(159)
1244 985
fi=(186)
111 197
cob=(2)
cfi=(51)
cfn=(554)
calls=197 0 
* 4137
fe=(159)
1259 197
fi=(186)
111 197
fe=(159)
1259 591
239 197
fi=(187) ./stdio-common/../libio/libioP.h
940 197
fe=(159)
1263 197
fi=(187)
942 197
-2 197
fe=(159)
1263 197
fi=(187)
940 394
+2 394
+1 394
fe=(159)
239 788
cfi=(162)
cfn=(560)
calls=197 1197 
* 17861
* 394
127 1773
1263 394
+4 591
+4 1576
1532 197
1214 197
+34 197
-8 197
1532 591
+23 197
-39 197
+39 197
-39 197
+39 394
1313 5910
+39 394
-51 394
-1 394
-1 394
-1 394
+5 394
1501 394
fi=(186)
88 394
fe=(159)
1352 394
-46 394
-4 394
+50 394
1501 394
1295 394
-1 394
-1 394
-1 394
-1 394
+16 788
1608 394
+1 394
+3 2364
-4 1773
1218 394
+41 788
cfi=(161) ./nptl/./nptl/libc-cleanup.c
cfn=(558) __libc_cleanup_push_defer
calls=197 24 
* 1970
+1 2561
-1 394
1609 394
cfi=(161)
cfn=(618) __libc_cleanup_pop_restore
calls=197 39 
* 1576
+2 197
-95 2561
cfi=(173)
cfn=(606)
calls=197 163 
* 7880
* 6501
192 394
+47 197
fi=(187)
942 591
+1 394
fe=(159)
239 788
cfi=(162)
cfn=(560)
calls=197 1197 
* 15760
* 394
127 2561
1517 394
-54 197
+53 1970
+73 197
fi=(186)
111 197
fe=(159)
1583 197
fi=(186)
111 394
cob=(2)
cfi=(51)
cfn=(554)
calls=197 0 
* 4137
fe=(159)
1589 197
fi=(186)
111 197
fe=(159)
1583 197
fi=(186)
111 394
cob=(2)
cfi=(51)
cfn=(554)
calls=197 0 
* 4137
fe=(159)
239 394
fi=(187)
942 394
fe=(159)
1593 394
fi=(186)
111 394
fi=(187)
942 394
fe=(159)
1593 394
fi=(187)
942 394
+1 788
fe=(159)
239 1576
cfi=(162)
cfn=(560)
calls=394 1197 
* 7880
* 788
127 5122
1593 788
+2 985
-79 394
-48 197
fi=(186)
76 197
+2 197
-2 197
+2 197
-2 197
+2 985
fe=(159)
1408 394
1516 3546
192 394
+4 1773
cfi=(174)
cfn=(608)
calls=197 37 
* 23837
+4 591
-73 2364
1516 985
1415 394
+3 788
-26 394
1516 1576
-98 1970
+98 3152
cfi=(163)
cfn=(616)
calls=197 199 
* 10244
* 394

fl=(151)
fn=(510)
cfi=(153)
cfn=(532)
calls=0 29 
392 70019478

fl=(161)
fn=(618)
39 197
+3 394
+2 394
+1 394
+2 197

fn=(558)
24 197
+3 394
+3 788
+1 197
+2 197
+1 197

totals: 70019478
