# callgrind format
version: 1
creator: callgrind-3.18.1
pid: 113657
cmd:  ./task0
part: 64


desc: I1 cache: 
desc: D1 cache: 
desc: LL cache: 

desc: Timerange: Basic block 641220217 - 651259521
desc: Trigger: --dump-every-bb=10000000

positions: line
events: Ir
summary: 70047622


ob=(2) ???
fl=(51) ???
fn=(554) 0x00000000048764d0
0 2898
cob=(3) /usr/lib/x86_64-linux-gnu/libc.so.6
cfi=(160) ./string/../sysdeps/x86_64/multiarch/strchr-avx2.S
cfn=(556) __strchrnul_avx2
calls=1449 51 
0 27531

fn=(610) 0x00000000048763e0
0 2890
cob=(3)
cfi=(175) ./string/../sysdeps/x86_64/multiarch/memmove-vec-unaligned-erms.S
cfn=(612) __mempcpy_avx_unaligned_erms
calls=1445 294 
0 26497

fn=(548) 0x0000000000109050
0 966
cob=(3)
cfi=(158) ./stdio-common/./stdio-common/printf.c
cfn=(550) printf
calls=483 28 
0 490723

ob=(5) /home/iustina/uni/asc/labs/c/lab06/skl/task0/task0
fl=(150) ???
fn=(508) (below main)
cob=(3)
cfi=(151) ./csu/../csu/libc-start.c
cfn=(510) __libc_start_main@@GLIBC_2.34
calls=0 242 
0 70047622

fl=(157) /home/iustina/uni/asc/labs/c/lab06/skl/task0/task0.c
fn=(546) ShowProgress
27 2898
+1 483
+3 1449
+1 6279
+2 8211
+1 2898
cob=(2)
cfi=(51)
cfn=(548)
calls=483 -35 
* 491689
+2 1449

fn=(540) main
cfn=(542) FindPrimes
calls=0 39 
58 70047622

fn=(542)
46 1449
cfn=(544) TestForPrime
calls=483 -31 
* 69524757
* 966
+3 498
+1 249
+2 415
cfn=(546)
calls=83 -25 
* 88312
* 2000
cfn=(546)
calls=400 -25 
* 427044
-7 1932

fn=(544)
15 1932
+1 483
+1 966
+2 29793834
+1 400
+1 400
-4 39725293
+7 483
+1 966

ob=(1) /usr/lib/x86_64-linux-gnu/ld-linux-x86-64.so.2
fl=(1) ???
fn=(0) 0x0000000000020290
cob=(5)
cfi=(150)
cfn=(508)
calls=0 0 
0 70047622

ob=(3)
fl=(174) ./libio/./libio/iopadn.c
fn=(608) _IO_padn
37 2898
+8 483
-8 3381
+7 966
+10 1449
-13 966
+21 966
+2 483
fi=(176) ./libio/./libio/libioP.h
940 1449
+2 966
+1 966
fe=(174)
64 1932
cfi=(162) ./libio/./libio/fileops.c
cfn=(560) _IO_file_xsputn@@GLIBC_2.2.5
calls=483 1197 
* 35259
+1 483
+3 5796

fl=(177) ./io/../sysdeps/unix/sysv/linux/write.c
fn=(624) write
25 4
+1 28
+1 4

fl=(162)
fn=(602) _IO_do_write@@GLIBC_2.2.5
423 4
+2 12
-2 4
fi=(176)
940 4
fe=(162)
423 8
fi=(176)
940 4
fe=(162)
423 4
fi=(176)
940 8
fe=(162)
423 20
+20 4
-10 8
+7 16
fi=(176)
942 8
+1 8
fe=(162)
448 16
cfn=(622) _IO_file_write@@GLIBC_2.2.5
calls=4 1173 
* 184
* 4
+1 20
+2 4
+4 8
-3 8
-1 8
+4 8
-2 4
-28 16
+1 32
+28 8

fn=(562) _IO_file_overflow@@GLIBC_2.2.5
731 2515
+1 2012
+7 2515
+37 503
-2 1006
+3 998
+3 1497
+1 1497
+1 1996
+4 499
+1 2000
-12 4
+1 4
+11 8
-12 4
cfn=(602)
calls=4 423 
* 432

fn=(560)
1197 12075
+7 2415
-7 7245
+6 7728
+9 2898
-2 5796
+23 1445
+2 1445
+2 2890
-2 1445
+1 1445
+1 1445
-2 1445
cob=(2)
cfi=(51)
cfn=(610)
calls=1445 0 
* 29387
* 1445
+4 2890
+28 21735
-55 1449
+4 1449
-4 1449
+1 2898
+18 20
+12 4
fi=(176)
940 12
+2 8
+1 8
fe=(162)
1243 12
cfn=(562)
calls=4 731 
* 524
* 8
+6 8
+1 28
+2 8
+11 12
+1 16
cfi=(163) ./libio/./libio/genops.c
cfn=(604) _IO_default_xsputn
calls=4 371 
* 980
+2 12
-48 10095
-2 12510

fn=(622)
1173 28
+2 24
+5 4
cfi=(177)
cfn=(624)
calls=4 25 
* 36
+1 8
+5 4
+1 4
-12 8
+4 12
+1 8
+10 12
+3 24
-4 12

fl=(160)
fn=(556)
51 1449
+2 1449
+1 1449
+1 1449
+1 1449
+1 1449
+3 1449
+1 1449
+4 1449
+1 1449
+1 1449
+1 1449
+1 1449
+1 1449
+1 1449
+1 1449
+6 1449
+1 2898

fl=(153) ./csu/../sysdeps/nptl/libc_start_call_main.h
fn=(532) (below main)
cob=(5)
cfi=(157)
cfn=(540)
calls=0 56 
58 70047622

fl=(158)
fn=(550)
28 6279
+4 483
+1 966
-1 966
+1 483
-1 483
+1 483
-1 483
+1 483
-1 483
+1 483
cfi=(159) ./stdio-common/./stdio-common/vfprintf-internal.c
cfn=(552) __vfprintf_internal
calls=483 1180 
* 476233
+4 2415

fl=(173) ./stdio-common/./stdio-common/_itoa.c
fn=(606) _itoa_word
163 966
+3 1932
+2 966
+9 14490
+9 966

fl=(175)
fn=(612)
294 1445
+1 1445
+1 1445
+1 1445
+17 1445
+1 1445
+42 1445
+1 1445
+2 1445
+1 1445
+2 1445
+4 1445
+1 966
+1 966
+1 966
+1 966
+1 483
+1 483
+2 483
+2 483
-2 483
+2 483
+6 479
+1 479
+1 479
+1 479
+1 479

fl=(163)
fn=(616) __overflow
199 1449
+2 1449
+2 483
fi=(176)
940 1449
+2 966
+1 966
fe=(163)
203 483
+1 966
-1 483
cfi=(162)
cfn=(562)
calls=483 731 
* 16422

fn=(604)
371 4
+3 8
-3 32
fi=(176)
940 4
fe=(163)
371 4
fi=(176)
940 4
fe=(163)
371 4
fi=(176)
940 4
fe=(163)
371 8
+28 56
fi=(176)
942 32
+1 32
fe=(163)
399 64
cfi=(162)
cfn=(562)
calls=16 731 
* 544
* 32
+2 16
-22 96
+25 4
-29 4
+29 28

fl=(159)
fn=(552)
1180 5796
+30 2415
+8 1449
+4 2415
+11 966
+11 483
fi=(186) ./stdio-common/./stdio-common/printf-parse.h
111 966
fe=(159)
1244 2415
fi=(186)
111 483
cob=(2)
cfi=(51)
cfn=(554)
calls=483 0 
* 10143
fe=(159)
1259 483
fi=(186)
111 483
fe=(159)
1259 1449
239 483
fi=(187) ./stdio-common/../libio/libioP.h
940 483
fe=(159)
1263 483
fi=(187)
942 483
-2 483
fe=(159)
1263 483
fi=(187)
940 966
+2 966
+1 966
fe=(159)
239 1932
cfi=(162)
cfn=(560)
calls=483 1197 
* 43465
* 966
127 4347
1263 966
+4 1449
+4 3864
1532 483
1214 483
+34 483
-8 483
1532 1449
+23 483
-39 483
+39 483
-39 483
+39 966
1313 14490
+39 966
-51 966
-1 966
-1 966
-1 966
+5 966
1501 966
fi=(186)
88 966
fe=(159)
1352 966
-46 966
-4 966
+50 966
1501 966
1295 966
-1 966
-1 966
-1 966
-1 966
+16 1932
1608 966
+1 966
+3 5796
-4 4347
1218 966
+41 1932
cfi=(161) ./nptl/./nptl/libc-cleanup.c
cfn=(558) __libc_cleanup_push_defer
calls=483 24 
* 4830
+1 6279
-1 966
1609 966
cfi=(161)
cfn=(618) __libc_cleanup_pop_restore
calls=483 39 
* 3864
+2 483
-95 6279
cfi=(173)
cfn=(606)
calls=483 163 
* 19320
* 15939
192 966
+47 483
fi=(187)
942 1449
+1 966
fe=(159)
239 1932
cfi=(162)
cfn=(560)
calls=483 1197 
* 38640
* 966
127 6279
1517 966
-54 483
+53 4830
+73 483
fi=(186)
111 483
fe=(159)
1583 483
fi=(186)
111 966
cob=(2)
cfi=(51)
cfn=(554)
calls=483 0 
* 10143
fe=(159)
1589 483
fi=(186)
111 483
fe=(159)
1583 483
fi=(186)
111 966
cob=(2)
cfi=(51)
cfn=(554)
calls=483 0 
* 10143
fe=(159)
239 966
fi=(187)
942 966
fe=(159)
1593 966
fi=(186)
111 966
fi=(187)
942 966
fe=(159)
1593 966
fi=(187)
942 966
+1 1932
fe=(159)
239 3864
cfi=(162)
cfn=(560)
calls=966 1197 
* 19320
* 1932
127 12558
1593 1932
+2 2415
-79 966
-48 483
fi=(186)
76 483
+2 483
-2 483
+2 483
-2 483
+2 2415
fe=(159)
1408 966
1516 8694
192 966
+4 4347
cfi=(174)
cfn=(608)
calls=483 37 
* 58443
+4 1449
-73 5796
1516 2415
1415 966
+3 1932
-26 966
1516 3864
-98 4830
+98 7728
cfi=(163)
cfn=(616)
calls=483 199 
* 25116
* 966

fl=(151)
fn=(510)
cfi=(153)
cfn=(532)
calls=0 29 
392 70047622

fl=(161)
fn=(618)
39 483
+3 966
+2 966
+1 966
+2 483

fn=(558)
24 483
+3 966
+3 1932
+1 483
+2 483
+1 483

totals: 70047622
