# callgrind format
version: 1
creator: callgrind-3.18.1
pid: 113657
cmd:  ./task0
part: 30


desc: I1 cache: 
desc: D1 cache: 
desc: LL cache: 

desc: Timerange: Basic block 295073358 - 305126720
desc: Trigger: --dump-every-bb=10000000

positions: line
events: Ir
summary: 70064780


ob=(2) ???
fl=(51) ???
fn=(554) 0x00000000048764d0
0 3936
cob=(3) /usr/lib/x86_64-linux-gnu/libc.so.6
cfi=(160) ./string/../sysdeps/x86_64/multiarch/strchr-avx2.S
cfn=(556) __strchrnul_avx2
calls=1968 51 
0 37392

fn=(610) 0x00000000048763e0
0 3926
cob=(3)
cfi=(175) ./string/../sysdeps/x86_64/multiarch/memmove-vec-unaligned-erms.S
cfn=(612) __mempcpy_avx_unaligned_erms
calls=1963 294 
0 35995

fn=(548) 0x0000000000109050
0 1312
cob=(3)
cfi=(158) ./stdio-common/./stdio-common/printf.c
cfn=(550) printf
calls=656 28 
0 666333

ob=(5) /home/iustina/uni/asc/labs/c/lab06/skl/task0/task0
fl=(150) ???
fn=(508) (below main)
cob=(3)
cfi=(151) ./csu/../csu/libc-start.c
cfn=(510) __libc_start_main@@GLIBC_2.34
calls=0 242 
0 70064780

fl=(157) /home/iustina/uni/asc/labs/c/lab06/skl/task0/task0.c
fn=(546) ShowProgress
27 3936
+1 656
+3 1968
+1 8528
+2 11152
+1 3936
cob=(2)
cfi=(51)
cfn=(548)
calls=656 -35 
* 667645
+2 1968

fn=(540) main
cfn=(542) FindPrimes
calls=0 39 
58 70064780

fn=(542)
46 1968
cfn=(544) TestForPrime
calls=656 -31 
* 69354700
* 1312
+3 738
+1 369
+2 615
cfn=(546)
calls=123 -25 
* 131233
* 2665
cfn=(546)
calls=533 -25 
* 568556
-7 2624

fn=(544)
15 2624
+1 656
+1 1312
+2 29720034
+1 533
+1 533
-4 39627040
+7 656
+1 1312

ob=(1) /usr/lib/x86_64-linux-gnu/ld-linux-x86-64.so.2
fl=(1) ???
fn=(0) 0x0000000000020290
cob=(5)
cfi=(150)
cfn=(508)
calls=0 0 
0 70064780

ob=(3)
fl=(174) ./libio/./libio/iopadn.c
fn=(608) _IO_padn
37 3936
+8 656
-8 4592
+7 1312
+10 1968
-13 1312
+21 1312
+2 656
fi=(176) ./libio/./libio/libioP.h
940 1968
+2 1312
+1 1312
fe=(174)
64 2624
cfi=(162) ./libio/./libio/fileops.c
cfn=(560) _IO_file_xsputn@@GLIBC_2.2.5
calls=656 1197 
* 47888
+1 656
+3 7872

fl=(177) ./io/../sysdeps/unix/sysv/linux/write.c
fn=(624) write
25 5
+1 35
+1 5

fl=(162)
fn=(602) _IO_do_write@@GLIBC_2.2.5
423 5
+2 15
-2 5
fi=(176)
940 5
fe=(162)
423 10
fi=(176)
940 5
fe=(162)
423 5
fi=(176)
940 10
fe=(162)
423 25
+20 5
-10 10
+7 20
fi=(176)
942 10
+1 10
fe=(162)
448 20
cfn=(622) _IO_file_write@@GLIBC_2.2.5
calls=5 1173 
* 230
* 5
+1 25
+2 5
+4 10
-3 10
-1 10
+4 10
-2 5
-28 20
+1 40
+28 10

fn=(562) _IO_file_overflow@@GLIBC_2.2.5
731 3405
+1 2724
+7 3405
+37 681
-2 1362
+3 1352
+3 2028
+1 2028
+1 2704
+4 676
+1 2709
-12 5
+1 5
+11 10
-12 5
cfn=(602)
calls=5 423 
* 540

fn=(560)
1197 16400
+7 3280
-7 9840
+6 10496
+9 3936
-2 7872
+23 1963
+2 1963
+2 3926
-2 1963
+1 1963
+1 1963
-2 1963
cob=(2)
cfi=(51)
cfn=(610)
calls=1963 0 
* 39921
* 1963
+4 3926
+28 29520
-55 1968
+4 1968
-4 1968
+1 3936
+18 25
+12 5
fi=(176)
940 15
+2 10
+1 10
fe=(162)
1243 15
cfn=(562)
calls=5 731 
* 655
* 10
+6 10
+1 35
+2 10
+11 15
+1 20
cfi=(163) ./libio/./libio/genops.c
cfn=(604) _IO_default_xsputn
calls=5 371 
* 1225
+2 15
-48 13716
-2 16996

fn=(622)
1173 35
+2 30
+5 5
cfi=(177)
cfn=(624)
calls=5 25 
* 45
+1 10
+5 5
+1 5
-12 10
+4 15
+1 10
+10 15
+3 30
-4 15

fl=(160)
fn=(556)
51 1968
+2 1968
+1 1968
+1 1968
+1 1968
+1 1968
+3 1968
+1 1968
+4 1968
+1 1968
+1 1968
+1 1968
+1 1968
+1 1968
+1 1968
+1 1968
+6 1968
+1 3936

fl=(153) ./csu/../sysdeps/nptl/libc_start_call_main.h
fn=(532) (below main)
cob=(5)
cfi=(157)
cfn=(540)
calls=0 56 
58 70064780

fl=(158)
fn=(550)
28 8528
+4 656
+1 1312
-1 1312
+1 656
-1 656
+1 656
-1 656
+1 656
-1 656
+1 656
cfi=(159) ./stdio-common/./stdio-common/vfprintf-internal.c
cfn=(552) __vfprintf_internal
calls=656 1180 
* 646653
+4 3280

fl=(173) ./stdio-common/./stdio-common/_itoa.c
fn=(606) _itoa_word
163 1312
+3 2624
+2 1312
+9 19680
+9 1312

fl=(175)
fn=(612)
294 1963
+1 1963
+1 1963
+1 1963
+17 1963
+1 1963
+42 1963
+1 1963
+2 1963
+1 1963
+2 1963
+4 1963
+1 1312
+1 1312
+1 1312
+1 1312
+1 656
+1 656
+2 656
+2 656
-2 656
+2 656
+6 651
+1 651
+1 651
+1 651
+1 651

fl=(163)
fn=(616) __overflow
199 1968
+2 1968
+2 656
fi=(176)
940 1968
+2 1312
+1 1312
fe=(163)
203 656
+1 1312
-1 656
cfi=(162)
cfn=(562)
calls=656 731 
* 22304

fn=(604)
371 5
+3 10
-3 40
fi=(176)
940 5
fe=(163)
371 5
fi=(176)
940 5
fe=(163)
371 5
fi=(176)
940 5
fe=(163)
371 10
+28 70
fi=(176)
942 40
+1 40
fe=(163)
399 80
cfi=(162)
cfn=(562)
calls=20 731 
* 680
* 40
+2 20
-22 120
+25 5
-29 5
+29 35

fl=(159)
fn=(552)
1180 7872
+30 3280
+8 1968
+4 3280
+11 1312
+11 656
fi=(186) ./stdio-common/./stdio-common/printf-parse.h
111 1312
fe=(159)
1244 3280
fi=(186)
111 656
cob=(2)
cfi=(51)
cfn=(554)
calls=656 0 
* 13776
fe=(159)
1259 656
fi=(186)
111 656
fe=(159)
1259 1968
239 656
fi=(187) ./stdio-common/../libio/libioP.h
940 656
fe=(159)
1263 656
fi=(187)
942 656
-2 656
fe=(159)
1263 656
fi=(187)
940 1312
+2 1312
+1 1312
fe=(159)
239 2624
cfi=(162)
cfn=(560)
calls=656 1197 
* 58877
* 1312
127 5904
1263 1312
+4 1968
+4 5248
1532 656
1214 656
+34 656
-8 656
1532 1968
+23 656
-39 656
+39 656
-39 656
+39 1312
1313 19680
+39 1312
-51 1312
-1 1312
-1 1312
-1 1312
+5 1312
1501 1312
fi=(186)
88 1312
fe=(159)
1352 1312
-46 1312
-4 1312
+50 1312
1501 1312
1295 1312
-1 1312
-1 1312
-1 1312
-1 1312
+16 2624
1608 1312
+1 1312
+3 7872
-4 5904
1218 1312
+41 2624
cfi=(161) ./nptl/./nptl/libc-cleanup.c
cfn=(558) __libc_cleanup_push_defer
calls=656 24 
* 6560
+1 8528
-1 1312
1609 1312
cfi=(161)
cfn=(618) __libc_cleanup_pop_restore
calls=656 39 
* 5248
+2 656
-95 8528
cfi=(173)
cfn=(606)
calls=656 163 
* 26240
* 21648
192 1312
+47 656
fi=(187)
942 1968
+1 1312
fe=(159)
239 2624
cfi=(162)
cfn=(560)
calls=656 1197 
* 52480
* 1312
127 8528
1517 1312
-54 656
+53 6560
+73 656
fi=(186)
111 656
fe=(159)
1583 656
fi=(186)
111 1312
cob=(2)
cfi=(51)
cfn=(554)
calls=656 0 
* 13776
fe=(159)
1589 656
fi=(186)
111 656
fe=(159)
1583 656
fi=(186)
111 1312
cob=(2)
cfi=(51)
cfn=(554)
calls=656 0 
* 13776
fe=(159)
239 1312
fi=(187)
942 1312
fe=(159)
1593 1312
fi=(186)
111 1312
fi=(187)
942 1312
fe=(159)
1593 1312
fi=(187)
942 1312
+1 2624
fe=(159)
239 5248
cfi=(162)
cfn=(560)
calls=1312 1197 
* 26240
* 2624
127 17056
1593 2624
+2 3280
-79 1312
-48 656
fi=(186)
76 656
+2 656
-2 656
+2 656
-2 656
+2 3280
fe=(159)
1408 1312
1516 11808
192 1312
+4 5904
cfi=(174)
cfn=(608)
calls=656 37 
* 79376
+4 1968
-73 7872
1516 3280
1415 1312
+3 2624
-26 1312
1516 5248
-98 6560
+98 10496
cfi=(163)
cfn=(616)
calls=656 199 
* 34112
* 1312

fl=(151)
fn=(510)
cfi=(153)
cfn=(532)
calls=0 29 
392 70064780

fl=(161)
fn=(618)
39 656
+3 1312
+2 1312
+1 1312
+2 656

fn=(558)
24 656
+3 1312
+3 2624
+1 656
+2 656
+1 656

totals: 70064780
