# callgrind format
version: 1
creator: callgrind-3.18.1
pid: 113657
cmd:  ./task0
part: 111


desc: I1 cache: 
desc: D1 cache: 
desc: LL cache: 

desc: Timerange: Basic block 1119576324 - 1129608581
desc: Trigger: --dump-every-bb=10000000

positions: line
events: Ir
summary: 70039042


ob=(2) ???
fl=(51) ???
fn=(554) 0x00000000048764d0
0 2376
cob=(3) /usr/lib/x86_64-linux-gnu/libc.so.6
cfi=(160) ./string/../sysdeps/x86_64/multiarch/strchr-avx2.S
cfn=(556) __strchrnul_avx2
calls=1188 51 
0 22572

fn=(610) 0x00000000048763e0
0 2368
cob=(3)
cfi=(175) ./string/../sysdeps/x86_64/multiarch/memmove-vec-unaligned-erms.S
cfn=(612) __mempcpy_avx_unaligned_erms
calls=1184 294 
0 21712

fn=(548) 0x0000000000109050
0 792
cob=(3)
cfi=(158) ./stdio-common/./stdio-common/printf.c
cfn=(550) printf
calls=396 28 
0 402592

ob=(5) /home/iustina/uni/asc/labs/c/lab06/skl/task0/task0
fl=(150) ???
fn=(508) (below main)
cob=(3)
cfi=(151) ./csu/../csu/libc-start.c
cfn=(510) __libc_start_main@@GLIBC_2.34
calls=0 242 
0 70039042

fl=(157) /home/iustina/uni/asc/labs/c/lab06/skl/task0/task0.c
fn=(546) ShowProgress
27 2376
+1 396
+3 1188
+1 5148
+2 6732
+1 2376
cob=(2)
cfi=(51)
cfn=(548)
calls=396 -35 
* 403384
+2 1188

fn=(540) main
cfn=(542) FindPrimes
calls=0 39 
58 70039042

fn=(542)
46 1188
cfn=(544) TestForPrime
calls=396 -31 
* 69610152
* 792
+3 372
+1 186
+2 310
cfn=(546)
calls=62 -25 
* 66329
* 1670
cfn=(546)
calls=334 -25 
* 356459
-7 1584

fn=(544)
15 1584
+1 396
+1 792
+2 29830896
+1 334
+1 334
-4 39774628
+7 396
+1 792

ob=(1) /usr/lib/x86_64-linux-gnu/ld-linux-x86-64.so.2
fl=(1) ???
fn=(0) 0x0000000000020290
cob=(5)
cfi=(150)
cfn=(508)
calls=0 0 
0 70039042

ob=(3)
fl=(174) ./libio/./libio/iopadn.c
fn=(608) _IO_padn
37 2376
+8 396
-8 2772
+7 792
+10 1188
-13 792
+21 792
+2 396
fi=(176) ./libio/./libio/libioP.h
940 1188
+2 792
+1 792
fe=(174)
64 1584
cfi=(162) ./libio/./libio/fileops.c
cfn=(560) _IO_file_xsputn@@GLIBC_2.2.5
calls=396 1197 
* 28908
+1 396
+3 4752

fl=(177) ./io/../sysdeps/unix/sysv/linux/write.c
fn=(624) write
25 4
+1 28
+1 4

fl=(162)
fn=(602) _IO_do_write@@GLIBC_2.2.5
423 4
+2 12
-2 4
fi=(176)
940 4
fe=(162)
423 8
fi=(176)
940 4
fe=(162)
423 4
fi=(176)
940 8
fe=(162)
423 20
+20 4
-10 8
+7 16
fi=(176)
942 8
+1 8
fe=(162)
448 16
cfn=(622) _IO_file_write@@GLIBC_2.2.5
calls=4 1173 
* 184
* 4
+1 20
+2 4
+4 8
-3 8
-1 8
+4 8
-2 4
-28 16
+1 32
+28 8

fn=(562) _IO_file_overflow@@GLIBC_2.2.5
731 2080
+1 1664
+7 2080
+37 416
-2 832
+3 824
+3 1236
+1 1236
+1 1648
+4 412
+1 1652
-12 4
+1 4
+11 8
-12 4
cfn=(602)
calls=4 423 
* 432

fn=(560)
1197 9900
+7 1980
-7 5940
+6 6336
+9 2376
-2 4752
+23 1184
+2 1184
+2 2368
-2 1184
+1 1184
+1 1184
-2 1184
cob=(2)
cfi=(51)
cfn=(610)
calls=1184 0 
* 24080
* 1184
+4 2368
+28 17820
-55 1188
+4 1188
-4 1188
+1 2376
+18 20
+12 4
fi=(176)
940 12
+2 8
+1 8
fe=(162)
1243 12
cfn=(562)
calls=4 731 
* 524
* 8
+6 8
+1 28
+2 8
+11 12
+1 16
cfi=(163) ./libio/./libio/genops.c
cfn=(604) _IO_default_xsputn
calls=4 371 
* 980
+2 12
-48 8268
-2 10248

fn=(622)
1173 28
+2 24
+5 4
cfi=(177)
cfn=(624)
calls=4 25 
* 36
+1 8
+5 4
+1 4
-12 8
+4 12
+1 8
+10 12
+3 24
-4 12

fl=(160)
fn=(556)
51 1188
+2 1188
+1 1188
+1 1188
+1 1188
+1 1188
+3 1188
+1 1188
+4 1188
+1 1188
+1 1188
+1 1188
+1 1188
+1 1188
+1 1188
+1 1188
+6 1188
+1 2376

fl=(153) ./csu/../sysdeps/nptl/libc_start_call_main.h
fn=(532) (below main)
cob=(5)
cfi=(157)
cfn=(540)
calls=0 56 
58 70039042

fl=(158)
fn=(550)
28 5148
+4 396
+1 792
-1 792
+1 396
-1 396
+1 396
-1 396
+1 396
-1 396
+1 396
cfi=(159) ./stdio-common/./stdio-common/vfprintf-internal.c
cfn=(552) __vfprintf_internal
calls=396 1180 
* 390712
+4 1980

fl=(173) ./stdio-common/./stdio-common/_itoa.c
fn=(606) _itoa_word
163 792
+3 1584
+2 792
+9 11880
+9 792

fl=(175)
fn=(612)
294 1184
+1 1184
+1 1184
+1 1184
+17 1184
+1 1184
+42 1184
+1 1184
+2 1184
+1 1184
+2 1184
+4 1184
+1 792
+1 792
+1 792
+1 792
+1 396
+1 396
+2 396
+2 396
-2 396
+2 396
+6 392
+1 392
+1 392
+1 392
+1 392

fl=(163)
fn=(616) __overflow
199 1188
+2 1188
+2 396
fi=(176)
940 1188
+2 792
+1 792
fe=(163)
203 396
+1 792
-1 396
cfi=(162)
cfn=(562)
calls=396 731 
* 13464

fn=(604)
371 4
+3 8
-3 32
fi=(176)
940 4
fe=(163)
371 4
fi=(176)
940 4
fe=(163)
371 4
fi=(176)
940 4
fe=(163)
371 8
+28 56
fi=(176)
942 32
+1 32
fe=(163)
399 64
cfi=(162)
cfn=(562)
calls=16 731 
* 544
* 32
+2 16
-22 96
+25 4
-29 4
+29 28

fl=(159)
fn=(552)
1180 4752
+30 1980
+8 1188
+4 1980
+11 792
+11 396
fi=(186) ./stdio-common/./stdio-common/printf-parse.h
111 792
fe=(159)
1244 1980
fi=(186)
111 396
cob=(2)
cfi=(51)
cfn=(554)
calls=396 0 
* 8316
fe=(159)
1259 396
fi=(186)
111 396
fe=(159)
1259 1188
239 396
fi=(187) ./stdio-common/../libio/libioP.h
940 396
fe=(159)
1263 396
fi=(187)
942 396
-2 396
fe=(159)
1263 396
fi=(187)
940 792
+2 792
+1 792
fe=(159)
239 1584
cfi=(162)
cfn=(560)
calls=396 1197 
* 35896
* 792
127 3564
1263 792
+4 1188
+4 3168
1532 396
1214 396
+34 396
-8 396
1532 1188
+23 396
-39 396
+39 396
-39 396
+39 792
1313 11880
+39 792
-51 792
-1 792
-1 792
-1 792
+5 792
1501 792
fi=(186)
88 792
fe=(159)
1352 792
-46 792
-4 792
+50 792
1501 792
1295 792
-1 792
-1 792
-1 792
-1 792
+16 1584
1608 792
+1 792
+3 4752
-4 3564
1218 792
+41 1584
cfi=(161) ./nptl/./nptl/libc-cleanup.c
cfn=(558) __libc_cleanup_push_defer
calls=396 24 
* 3960
+1 5148
-1 792
1609 792
cfi=(161)
cfn=(618) __libc_cleanup_pop_restore
calls=396 39 
* 3168
+2 396
-95 5148
cfi=(173)
cfn=(606)
calls=396 163 
* 15840
* 13068
192 792
+47 396
fi=(187)
942 1188
+1 792
fe=(159)
239 1584
cfi=(162)
cfn=(560)
calls=396 1197 
* 31680
* 792
127 5148
1517 792
-54 396
+53 3960
+73 396
fi=(186)
111 396
fe=(159)
1583 396
fi=(186)
111 792
cob=(2)
cfi=(51)
cfn=(554)
calls=396 0 
* 8316
fe=(159)
1589 396
fi=(186)
111 396
fe=(159)
1583 396
fi=(186)
111 792
cob=(2)
cfi=(51)
cfn=(554)
calls=396 0 
* 8316
fe=(159)
239 792
fi=(187)
942 792
fe=(159)
1593 792
fi=(186)
111 792
fi=(187)
942 792
fe=(159)
1593 792
fi=(187)
942 792
+1 1584
fe=(159)
239 3168
cfi=(162)
cfn=(560)
calls=792 1197 
* 15840
* 1584
127 10296
1593 1584
+2 1980
-79 792
-48 396
fi=(186)
76 396
+2 396
-2 396
+2 396
-2 396
+2 1980
fe=(159)
1408 792
1516 7128
192 792
+4 3564
cfi=(174)
cfn=(608)
calls=396 37 
* 47916
+4 1188
-73 4752
1516 1980
1415 792
+3 1584
-26 792
1516 3168
-98 3960
+98 6336
cfi=(163)
cfn=(616)
calls=396 199 
* 20592
* 792

fl=(151)
fn=(510)
cfi=(153)
cfn=(532)
calls=0 29 
392 70039042

fl=(161)
fn=(618)
39 396
+3 792
+2 792
+1 792
+2 396

fn=(558)
24 396
+3 792
+3 1584
+1 396
+2 396
+1 396

totals: 70039042
