# callgrind format
version: 1
creator: callgrind-3.18.1
pid: 113657
cmd:  ./task0
part: 110


desc: I1 cache: 
desc: D1 cache: 
desc: LL cache: 

desc: Timerange: Basic block 1109549017 - 1119576324
desc: Trigger: --dump-every-bb=10000000

positions: line
events: Ir
summary: 70033096


ob=(2) ???
fl=(51) ???
fn=(554) 0x00000000048764d0
0 2016
cob=(3) /usr/lib/x86_64-linux-gnu/libc.so.6
cfi=(160) ./string/../sysdeps/x86_64/multiarch/strchr-avx2.S
cfn=(556) __strchrnul_avx2
calls=1008 51 
0 19152

fn=(610) 0x00000000048763e0
0 2012
cob=(3)
cfi=(175) ./string/../sysdeps/x86_64/multiarch/memmove-vec-unaligned-erms.S
cfn=(612) __mempcpy_avx_unaligned_erms
calls=1006 294 
0 18446

fn=(548) 0x0000000000109050
0 672
cob=(3)
cfi=(158) ./stdio-common/./stdio-common/printf.c
cfn=(550) printf
calls=336 28 
0 341090

ob=(5) /home/iustina/uni/asc/labs/c/lab06/skl/task0/task0
fl=(150) ???
fn=(508) (below main)
cob=(3)
cfi=(151) ./csu/../csu/libc-start.c
cfn=(510) __libc_start_main@@GLIBC_2.34
calls=0 242 
0 70033096

fl=(157) /home/iustina/uni/asc/labs/c/lab06/skl/task0/task0.c
fn=(546) ShowProgress
27 2016
+1 336
+3 1008
+1 4368
+2 5712
+1 2016
cob=(2)
cfi=(51)
cfn=(548)
calls=336 -35 
* 341762
+2 1008

fn=(540) main
cfn=(542) FindPrimes
calls=0 39 
58 70033096

fn=(542)
46 1008
cfn=(544) TestForPrime
calls=336 -31 
* 69669608
* 672
+3 372
+1 186
+2 310
cfn=(546)
calls=62 -25 
* 65968
* 1370
cfn=(546)
calls=274 -25 
* 292258
-7 1344

fn=(544)
15 1344
+1 336
+1 672
+2 29856660
+1 274
+1 274
-4 39809040
+7 336
+1 672

ob=(1) /usr/lib/x86_64-linux-gnu/ld-linux-x86-64.so.2
fl=(1) ???
fn=(0) 0x0000000000020290
cob=(5)
cfi=(150)
cfn=(508)
calls=0 0 
0 70033096

ob=(3)
fl=(174) ./libio/./libio/iopadn.c
fn=(608) _IO_padn
37 2016
+8 336
-8 2352
+7 672
+10 1008
-13 672
+21 672
+2 336
fi=(176) ./libio/./libio/libioP.h
940 1008
+2 672
+1 672
fe=(174)
64 1344
cfi=(162) ./libio/./libio/fileops.c
cfn=(560) _IO_file_xsputn@@GLIBC_2.2.5
calls=336 1197 
* 24528
+1 336
+3 4032

fl=(177) ./io/../sysdeps/unix/sysv/linux/write.c
fn=(624) write
25 2
+1 14
+1 2

fl=(162)
fn=(602) _IO_do_write@@GLIBC_2.2.5
423 2
+2 6
-2 2
fi=(176)
940 2
fe=(162)
423 4
fi=(176)
940 2
fe=(162)
423 2
fi=(176)
940 4
fe=(162)
423 10
+20 2
-10 4
+7 8
fi=(176)
942 4
+1 4
fe=(162)
448 8
cfn=(622) _IO_file_write@@GLIBC_2.2.5
calls=2 1173 
* 92
* 2
+1 10
+2 2
+4 4
-3 4
-1 4
+4 4
-2 2
-28 8
+1 16
+28 4

fn=(562) _IO_file_overflow@@GLIBC_2.2.5
731 1730
+1 1384
+7 1730
+37 346
-2 692
+3 688
+3 1032
+1 1032
+1 1376
+4 344
+1 1378
-12 2
+1 2
+11 4
-12 2
cfn=(602)
calls=2 423 
* 216

fn=(560)
1197 8400
+7 1680
-7 5040
+6 5376
+9 2016
-2 4032
+23 1006
+2 1006
+2 2012
-2 1006
+1 1006
+1 1006
-2 1006
cob=(2)
cfi=(51)
cfn=(610)
calls=1006 0 
* 20458
* 1006
+4 2012
+28 15120
-55 1008
+4 1008
-4 1008
+1 2016
+18 10
+12 2
fi=(176)
940 6
+2 4
+1 4
fe=(162)
1243 6
cfn=(562)
calls=2 731 
* 262
* 4
+6 4
+1 14
+2 4
+11 6
+1 8
cfi=(163) ./libio/./libio/genops.c
cfn=(604) _IO_default_xsputn
calls=2 371 
* 490
+2 6
-48 7032
-2 8712

fn=(622)
1173 14
+2 12
+5 2
cfi=(177)
cfn=(624)
calls=2 25 
* 18
+1 4
+5 2
+1 2
-12 4
+4 6
+1 4
+10 6
+3 12
-4 6

fl=(160)
fn=(556)
51 1008
+2 1008
+1 1008
+1 1008
+1 1008
+1 1008
+3 1008
+1 1008
+4 1008
+1 1008
+1 1008
+1 1008
+1 1008
+1 1008
+1 1008
+1 1008
+6 1008
+1 2016

fl=(153) ./csu/../sysdeps/nptl/libc_start_call_main.h
fn=(532) (below main)
cob=(5)
cfi=(157)
cfn=(540)
calls=0 56 
58 70033096

fl=(158)
fn=(550)
28 4368
+4 336
+1 672
-1 672
+1 336
-1 336
+1 336
-1 336
+1 336
-1 336
+1 336
cfi=(159) ./stdio-common/./stdio-common/vfprintf-internal.c
cfn=(552) __vfprintf_internal
calls=336 1180 
* 331010
+4 1680

fl=(173) ./stdio-common/./stdio-common/_itoa.c
fn=(606) _itoa_word
163 672
+3 1344
+2 672
+9 10080
+9 672

fl=(175)
fn=(612)
294 1006
+1 1006
+1 1006
+1 1006
+17 1006
+1 1006
+42 1006
+1 1006
+2 1006
+1 1006
+2 1006
+4 1006
+1 672
+1 672
+1 672
+1 672
+1 336
+1 336
+2 336
+2 336
-2 336
+2 336
+6 334
+1 334
+1 334
+1 334
+1 334

fl=(163)
fn=(616) __overflow
199 1008
+2 1008
+2 336
fi=(176)
940 1008
+2 672
+1 672
fe=(163)
203 336
+1 672
-1 336
cfi=(162)
cfn=(562)
calls=336 731 
* 11424

fn=(604)
371 2
+3 4
-3 16
fi=(176)
940 2
fe=(163)
371 2
fi=(176)
940 2
fe=(163)
371 2
fi=(176)
940 2
fe=(163)
371 4
+28 28
fi=(176)
942 16
+1 16
fe=(163)
399 32
cfi=(162)
cfn=(562)
calls=8 731 
* 272
* 16
+2 8
-22 48
+25 2
-29 2
+29 14

fl=(159)
fn=(552)
1180 4032
+30 1680
+8 1008
+4 1680
+11 672
+11 336
fi=(186) ./stdio-common/./stdio-common/printf-parse.h
111 672
fe=(159)
1244 1680
fi=(186)
111 336
cob=(2)
cfi=(51)
cfn=(554)
calls=336 0 
* 7056
fe=(159)
1259 336
fi=(186)
111 336
fe=(159)
1259 1008
239 336
fi=(187) ./stdio-common/../libio/libioP.h
940 336
fe=(159)
1263 336
fi=(187)
942 336
-2 336
fe=(159)
1263 336
fi=(187)
940 672
+2 672
+1 672
fe=(159)
239 1344
cfi=(162)
cfn=(560)
calls=336 1197 
* 29954
* 672
127 3024
1263 672
+4 1008
+4 2688
1532 336
1214 336
+34 336
-8 336
1532 1008
+23 336
-39 336
+39 336
-39 336
+39 672
1313 10080
+39 672
-51 672
-1 672
-1 672
-1 672
+5 672
1501 672
fi=(186)
88 672
fe=(159)
1352 672
-46 672
-4 672
+50 672
1501 672
1295 672
-1 672
-1 672
-1 672
-1 672
+16 1344
1608 672
+1 672
+3 4032
-4 3024
1218 672
+41 1344
cfi=(161) ./nptl/./nptl/libc-cleanup.c
cfn=(558) __libc_cleanup_push_defer
calls=336 24 
* 3360
+1 4368
-1 672
1609 672
cfi=(161)
cfn=(618) __libc_cleanup_pop_restore
calls=336 39 
* 2688
+2 336
-95 4368
cfi=(173)
cfn=(606)
calls=336 163 
* 13440
* 11088
192 672
+47 336
fi=(187)
942 1008
+1 672
fe=(159)
239 1344
cfi=(162)
cfn=(560)
calls=336 1197 
* 26880
* 672
127 4368
1517 672
-54 336
+53 3360
+73 336
fi=(186)
111 336
fe=(159)
1583 336
fi=(186)
111 672
cob=(2)
cfi=(51)
cfn=(554)
calls=336 0 
* 7056
fe=(159)
1589 336
fi=(186)
111 336
fe=(159)
1583 336
fi=(186)
111 672
cob=(2)
cfi=(51)
cfn=(554)
calls=336 0 
* 7056
fe=(159)
239 672
fi=(187)
942 672
fe=(159)
1593 672
fi=(186)
111 672
fi=(187)
942 672
fe=(159)
1593 672
fi=(187)
942 672
+1 1344
fe=(159)
239 2688
cfi=(162)
cfn=(560)
calls=672 1197 
* 13440
* 1344
127 8736
1593 1344
+2 1680
-79 672
-48 336
fi=(186)
76 336
+2 336
-2 336
+2 336
-2 336
+2 1680
fe=(159)
1408 672
1516 6048
192 672
+4 3024
cfi=(174)
cfn=(608)
calls=336 37 
* 40656
+4 1008
-73 4032
1516 1680
1415 672
+3 1344
-26 672
1516 2688
-98 3360
+98 5376
cfi=(163)
cfn=(616)
calls=336 199 
* 17472
* 672

fl=(151)
fn=(510)
cfi=(153)
cfn=(532)
calls=0 29 
392 70033096

fl=(161)
fn=(618)
39 336
+3 672
+2 672
+1 672
+2 336

fn=(558)
24 336
+3 672
+3 1344
+1 336
+2 336
+1 336

totals: 70033096
