# callgrind format
version: 1
creator: callgrind-3.18.1
pid: 113657
cmd:  ./task0
part: 65


desc: I1 cache: 
desc: D1 cache: 
desc: LL cache: 

desc: Timerange: Basic block 651259521 - 661293920
desc: Trigger: --dump-every-bb=10000000

positions: line
events: Ir
summary: 70041784


ob=(2) ???
fl=(51) ???
fn=(554) 0x00000000048764d0
0 2538
cob=(3) /usr/lib/x86_64-linux-gnu/libc.so.6
cfi=(160) ./string/../sysdeps/x86_64/multiarch/strchr-avx2.S
cfn=(556) __strchrnul_avx2
calls=1269 51 
0 24111

fn=(610) 0x00000000048763e0
0 2532
cob=(3)
cfi=(175) ./string/../sysdeps/x86_64/multiarch/memmove-vec-unaligned-erms.S
cfn=(612) __mempcpy_avx_unaligned_erms
calls=1266 294 
0 23214

fn=(548) 0x0000000000109050
0 846
cob=(3)
cfi=(158) ./stdio-common/./stdio-common/printf.c
cfn=(550) printf
calls=423 28 
0 429582

ob=(5) /home/iustina/uni/asc/labs/c/lab06/skl/task0/task0
fl=(150) ???
fn=(508) (below main)
cob=(3)
cfi=(151) ./csu/../csu/libc-start.c
cfn=(510) __libc_start_main@@GLIBC_2.34
calls=0 242 
0 70041784

fl=(157) /home/iustina/uni/asc/labs/c/lab06/skl/task0/task0.c
fn=(546) ShowProgress
27 2538
+1 423
+3 1269
+1 5499
+2 7191
+1 2538
cob=(2)
cfi=(51)
cfn=(548)
calls=423 -35 
* 430428
+2 1269

fn=(540) main
cfn=(542) FindPrimes
calls=0 39 
58 70041784

fn=(542)
46 1269
cfn=(544) TestForPrime
calls=423 -31 
* 69583969
* 846
+3 492
+1 246
+2 410
cfn=(546)
calls=82 -25 
* 87248
* 1705
cfn=(546)
calls=341 -25 
* 363907
-7 1692

fn=(544)
15 1692
+1 423
+1 846
+2 29819496
+1 341
+1 341
-4 39759561
+7 423
+1 846

ob=(1) /usr/lib/x86_64-linux-gnu/ld-linux-x86-64.so.2
fl=(1) ???
fn=(0) 0x0000000000020290
cob=(5)
cfi=(150)
cfn=(508)
calls=0 0 
0 70041784

ob=(3)
fl=(174) ./libio/./libio/iopadn.c
fn=(608) _IO_padn
37 2538
+8 423
-8 2961
+7 846
+10 1269
-13 846
+21 846
+2 423
fi=(176) ./libio/./libio/libioP.h
940 1269
+2 846
+1 846
fe=(174)
64 1692
cfi=(162) ./libio/./libio/fileops.c
cfn=(560) _IO_file_xsputn@@GLIBC_2.2.5
calls=423 1197 
* 30879
+1 423
+3 5076

fl=(177) ./io/../sysdeps/unix/sysv/linux/write.c
fn=(624) write
25 3
+1 21
+1 3

fl=(162)
fn=(602) _IO_do_write@@GLIBC_2.2.5
423 3
+2 9
-2 3
fi=(176)
940 3
fe=(162)
423 6
fi=(176)
940 3
fe=(162)
423 3
fi=(176)
940 6
fe=(162)
423 15
+20 3
-10 6
+7 12
fi=(176)
942 6
+1 6
fe=(162)
448 12
cfn=(622) _IO_file_write@@GLIBC_2.2.5
calls=3 1173 
* 138
* 3
+1 15
+2 3
+4 6
-3 6
-1 6
+4 6
-2 3
-28 12
+1 24
+28 6

fn=(562) _IO_file_overflow@@GLIBC_2.2.5
731 2190
+1 1752
+7 2190
+37 438
-2 876
+3 870
+3 1305
+1 1305
+1 1740
+4 435
+1 1743
-12 3
+1 3
+11 6
-12 3
cfn=(602)
calls=3 423 
* 324

fn=(560)
1197 10575
+7 2115
-7 6345
+6 6768
+9 2538
-2 5076
+23 1266
+2 1266
+2 2532
-2 1266
+1 1266
+1 1266
-2 1266
cob=(2)
cfi=(51)
cfn=(610)
calls=1266 0 
* 25746
* 1266
+4 2532
+28 19035
-55 1269
+4 1269
-4 1269
+1 2538
+18 15
+12 3
fi=(176)
940 9
+2 6
+1 6
fe=(162)
1243 9
cfn=(562)
calls=3 731 
* 393
* 6
+6 6
+1 21
+2 6
+11 9
+1 12
cfi=(163) ./libio/./libio/genops.c
cfn=(604) _IO_default_xsputn
calls=3 371 
* 735
+2 9
-48 8847
-2 10962

fn=(622)
1173 21
+2 18
+5 3
cfi=(177)
cfn=(624)
calls=3 25 
* 27
+1 6
+5 3
+1 3
-12 6
+4 9
+1 6
+10 9
+3 18
-4 9

fl=(160)
fn=(556)
51 1269
+2 1269
+1 1269
+1 1269
+1 1269
+1 1269
+3 1269
+1 1269
+4 1269
+1 1269
+1 1269
+1 1269
+1 1269
+1 1269
+1 1269
+1 1269
+6 1269
+1 2538

fl=(153) ./csu/../sysdeps/nptl/libc_start_call_main.h
fn=(532) (below main)
cob=(5)
cfi=(157)
cfn=(540)
calls=0 56 
58 70041784

fl=(158)
fn=(550)
28 5499
+4 423
+1 846
-1 846
+1 423
-1 423
+1 423
-1 423
+1 423
-1 423
+1 423
cfi=(159) ./stdio-common/./stdio-common/vfprintf-internal.c
cfn=(552) __vfprintf_internal
calls=423 1180 
* 416892
+4 2115

fl=(173) ./stdio-common/./stdio-common/_itoa.c
fn=(606) _itoa_word
163 846
+3 1692
+2 846
+9 12690
+9 846

fl=(175)
fn=(612)
294 1266
+1 1266
+1 1266
+1 1266
+17 1266
+1 1266
+42 1266
+1 1266
+2 1266
+1 1266
+2 1266
+4 1266
+1 846
+1 846
+1 846
+1 846
+1 423
+1 423
+2 423
+2 423
-2 423
+2 423
+6 420
+1 420
+1 420
+1 420
+1 420

fl=(163)
fn=(616) __overflow
199 1269
+2 1269
+2 423
fi=(176)
940 1269
+2 846
+1 846
fe=(163)
203 423
+1 846
-1 423
cfi=(162)
cfn=(562)
calls=423 731 
* 14382

fn=(604)
371 3
+3 6
-3 24
fi=(176)
940 3
fe=(163)
371 3
fi=(176)
940 3
fe=(163)
371 3
fi=(176)
940 3
fe=(163)
371 6
+28 42
fi=(176)
942 24
+1 24
fe=(163)
399 48
cfi=(162)
cfn=(562)
calls=12 731 
* 408
* 24
+2 12
-22 72
+25 3
-29 3
+29 21

fl=(159)
fn=(552)
1180 5076
+30 2115
+8 1269
+4 2115
+11 846
+11 423
fi=(186) ./stdio-common/./stdio-common/printf-parse.h
111 846
fe=(159)
1244 2115
fi=(186)
111 423
cob=(2)
cfi=(51)
cfn=(554)
calls=423 0 
* 8883
fe=(159)
1259 423
fi=(186)
111 423
fe=(159)
1259 1269
239 423
fi=(187) ./stdio-common/../libio/libioP.h
940 423
fe=(159)
1263 423
fi=(187)
942 423
-2 423
fe=(159)
1263 423
fi=(187)
940 846
+2 846
+1 846
fe=(159)
239 1692
cfi=(162)
cfn=(560)
calls=423 1197 
* 37884
* 846
127 3807
1263 846
+4 1269
+4 3384
1532 423
1214 423
+34 423
-8 423
1532 1269
+23 423
-39 423
+39 423
-39 423
+39 846
1313 12690
+39 846
-51 846
-1 846
-1 846
-1 846
+5 846
1501 846
fi=(186)
88 846
fe=(159)
1352 846
-46 846
-4 846
+50 846
1501 846
1295 846
-1 846
-1 846
-1 846
-1 846
+16 1692
1608 846
+1 846
+3 5076
-4 3807
1218 846
+41 1692
cfi=(161) ./nptl/./nptl/libc-cleanup.c
cfn=(558) __libc_cleanup_push_defer
calls=423 24 
* 4230
+1 5499
-1 846
1609 846
cfi=(161)
cfn=(618) __libc_cleanup_pop_restore
calls=423 39 
* 3384
+2 423
-95 5499
cfi=(173)
cfn=(606)
calls=423 163 
* 16920
* 13959
192 846
+47 423
fi=(187)
942 1269
+1 846
fe=(159)
239 1692
cfi=(162)
cfn=(560)
calls=423 1197 
* 33840
* 846
127 5499
1517 846
-54 423
+53 4230
+73 423
fi=(186)
111 423
fe=(159)
1583 423
fi=(186)
111 846
cob=(2)
cfi=(51)
cfn=(554)
calls=423 0 
* 8883
fe=(159)
1589 423
fi=(186)
111 423
fe=(159)
1583 423
fi=(186)
111 846
cob=(2)
cfi=(51)
cfn=(554)
calls=423 0 
* 8883
fe=(159)
239 846
fi=(187)
942 846
fe=(159)
1593 846
fi=(186)
111 846
fi=(187)
942 846
fe=(159)
1593 846
fi=(187)
942 846
+1 1692
fe=(159)
239 3384
cfi=(162)
cfn=(560)
calls=846 1197 
* 16920
* 1692
127 10998
1593 1692
+2 2115
-79 846
-48 423
fi=(186)
76 423
+2 423
-2 423
+2 423
-2 423
+2 2115
fe=(159)
1408 846
1516 7614
192 846
+4 3807
cfi=(174)
cfn=(608)
calls=423 37 
* 51183
+4 1269
-73 5076
1516 2115
1415 846
+3 1692
-26 846
1516 3384
-98 4230
+98 6768
cfi=(163)
cfn=(616)
calls=423 199 
* 21996
* 846

fl=(151)
fn=(510)
cfi=(153)
cfn=(532)
calls=0 29 
392 70041784

fl=(161)
fn=(618)
39 423
+3 846
+2 846
+1 846
+2 423

fn=(558)
24 423
+3 846
+3 1692
+1 423
+2 423
+1 423

totals: 70041784
