# callgrind format
version: 1
creator: callgrind-3.18.1
pid: 113657
cmd:  ./task0
part: 62


desc: I1 cache: 
desc: D1 cache: 
desc: LL cache: 

desc: Timerange: Basic block 621155765 - 631178726
desc: Trigger: --dump-every-bb=10000000

positions: line
events: Ir
summary: 70028151


ob=(2) ???
fl=(51) ???
fn=(554) 0x00000000048764d0
0 1710
cob=(3) /usr/lib/x86_64-linux-gnu/libc.so.6
cfi=(160) ./string/../sysdeps/x86_64/multiarch/strchr-avx2.S
cfn=(556) __strchrnul_avx2
calls=855 51 
0 16245

fn=(610) 0x00000000048763e0
0 1706
cob=(3)
cfi=(175) ./string/../sysdeps/x86_64/multiarch/memmove-vec-unaligned-erms.S
cfn=(612) __mempcpy_avx_unaligned_erms
calls=853 294 
0 15641

fn=(548) 0x0000000000109050
0 570
cob=(3)
cfi=(158) ./stdio-common/./stdio-common/printf.c
cfn=(550) printf
calls=285 28 
0 289427

ob=(5) /home/iustina/uni/asc/labs/c/lab06/skl/task0/task0
fl=(150) ???
fn=(508) (below main)
cob=(3)
cfi=(151) ./csu/../csu/libc-start.c
cfn=(510) __libc_start_main@@GLIBC_2.34
calls=0 242 
0 70028151

fl=(157) /home/iustina/uni/asc/labs/c/lab06/skl/task0/task0.c
fn=(546) ShowProgress
27 3000
+1 500
+3 1500
+1 6500
+2 8500
+1 1710
cob=(2)
cfi=(51)
cfn=(548)
calls=285 -35 
* 289997
+2 1500

fn=(540) main
cfn=(542) FindPrimes
calls=0 39 
58 70028151

fn=(542)
46 1500
cfn=(544) TestForPrime
calls=500 -31 
* 69707188
* 1000
+3 504
+1 252
+2 420
cfn=(546)
calls=84 -25 
* 46494
* 2080
cfn=(546)
calls=416 -25 
* 266713
-7 2000

fn=(544)
15 2000
+1 500
+1 1000
+2 29871936
+1 416
+1 416
-4 39829420
+7 500
+1 1000

ob=(1) /usr/lib/x86_64-linux-gnu/ld-linux-x86-64.so.2
fl=(1) ???
fn=(0) 0x0000000000020290
cob=(5)
cfi=(150)
cfn=(508)
calls=0 0 
0 70028151

ob=(3)
fl=(174) ./libio/./libio/iopadn.c
fn=(608) _IO_padn
37 1710
+8 285
-8 1995
+7 570
+10 855
-13 570
+21 570
+2 285
fi=(176) ./libio/./libio/libioP.h
940 855
+2 570
+1 570
fe=(174)
64 1140
cfi=(162) ./libio/./libio/fileops.c
cfn=(560) _IO_file_xsputn@@GLIBC_2.2.5
calls=285 1197 
* 20805
+1 285
+3 3420

fl=(177) ./io/../sysdeps/unix/sysv/linux/write.c
fn=(624) write
25 2
+1 14
+1 2

fl=(162)
fn=(602) _IO_do_write@@GLIBC_2.2.5
423 2
+2 6
-2 2
fi=(176)
940 2
fe=(162)
423 4
fi=(176)
940 2
fe=(162)
423 2
fi=(176)
940 4
fe=(162)
423 10
+20 2
-10 4
+7 8
fi=(176)
942 4
+1 4
fe=(162)
448 8
cfn=(622) _IO_file_write@@GLIBC_2.2.5
calls=2 1173 
* 92
* 2
+1 10
+2 2
+4 4
-3 4
-1 4
+4 4
-2 2
-28 8
+1 16
+28 4

fn=(562) _IO_file_overflow@@GLIBC_2.2.5
731 1475
+1 1180
+7 1475
+37 295
-2 590
+3 586
+3 879
+1 879
+1 1172
+4 293
+1 1174
-12 2
+1 2
+11 4
-12 2
cfn=(602)
calls=2 423 
* 216

fn=(560)
1197 7125
+7 1425
-7 4275
+6 4560
+9 1710
-2 3420
+23 853
+2 853
+2 1706
-2 853
+1 853
+1 853
-2 853
cob=(2)
cfi=(51)
cfn=(610)
calls=853 0 
* 17347
* 853
+4 1706
+28 12825
-55 855
+4 855
-4 855
+1 1710
+18 10
+12 2
fi=(176)
940 6
+2 4
+1 4
fe=(162)
1243 6
cfn=(562)
calls=2 731 
* 262
* 4
+6 4
+1 14
+2 4
+11 6
+1 8
cfi=(163) ./libio/./libio/genops.c
cfn=(604) _IO_default_xsputn
calls=2 371 
* 490
+2 6
-48 5961
-2 7386

fn=(622)
1173 14
+2 12
+5 2
cfi=(177)
cfn=(624)
calls=2 25 
* 18
+1 4
+5 2
+1 2
-12 4
+4 6
+1 4
+10 6
+3 12
-4 6

fl=(160)
fn=(556)
51 855
+2 855
+1 855
+1 855
+1 855
+1 855
+3 855
+1 855
+4 855
+1 855
+1 855
+1 855
+1 855
+1 855
+1 855
+1 855
+6 855
+1 1710

fl=(153) ./csu/../sysdeps/nptl/libc_start_call_main.h
fn=(532) (below main)
cob=(5)
cfi=(157)
cfn=(540)
calls=0 56 
58 70028151

fl=(158)
fn=(550)
28 3705
+4 285
+1 570
-1 570
+1 285
-1 285
+1 285
-1 285
+1 285
-1 285
+1 285
cfi=(159) ./stdio-common/./stdio-common/vfprintf-internal.c
cfn=(552) __vfprintf_internal
calls=285 1180 
* 280877
+4 1425

fl=(173) ./stdio-common/./stdio-common/_itoa.c
fn=(606) _itoa_word
163 570
+3 1140
+2 570
+9 8550
+9 570

fl=(175)
fn=(612)
294 853
+1 853
+1 853
+1 853
+17 853
+1 853
+42 853
+1 853
+2 853
+1 853
+2 853
+4 853
+1 570
+1 570
+1 570
+1 570
+1 285
+1 285
+2 285
+2 285
-2 285
+2 285
+6 283
+1 283
+1 283
+1 283
+1 283

fl=(163)
fn=(616) __overflow
199 855
+2 855
+2 285
fi=(176)
940 855
+2 570
+1 570
fe=(163)
203 285
+1 570
-1 285
cfi=(162)
cfn=(562)
calls=285 731 
* 9690

fn=(604)
371 2
+3 4
-3 16
fi=(176)
940 2
fe=(163)
371 2
fi=(176)
940 2
fe=(163)
371 2
fi=(176)
940 2
fe=(163)
371 4
+28 28
fi=(176)
942 16
+1 16
fe=(163)
399 32
cfi=(162)
cfn=(562)
calls=8 731 
* 272
* 16
+2 8
-22 48
+25 2
-29 2
+29 14

fl=(159)
fn=(552)
1180 3420
+30 1425
+8 855
+4 1425
+11 570
+11 285
fi=(186) ./stdio-common/./stdio-common/printf-parse.h
111 570
fe=(159)
1244 1425
fi=(186)
111 285
cob=(2)
cfi=(51)
cfn=(554)
calls=285 0 
* 5985
fe=(159)
1259 285
fi=(186)
111 285
fe=(159)
1259 855
239 285
fi=(187) ./stdio-common/../libio/libioP.h
940 285
fe=(159)
1263 285
fi=(187)
942 285
-2 285
fe=(159)
1263 285
fi=(187)
940 570
+2 570
+1 570
fe=(159)
239 1140
cfi=(162)
cfn=(560)
calls=285 1197 
* 25517
* 570
127 2565
1263 570
+4 855
+4 2280
1532 285
1214 285
+34 285
-8 285
1532 855
+23 285
-39 285
+39 285
-39 285
+39 570
1313 8550
+39 570
-51 570
-1 570
-1 570
-1 570
+5 570
1501 570
fi=(186)
88 570
fe=(159)
1352 570
-46 570
-4 570
+50 570
1501 570
1295 570
-1 570
-1 570
-1 570
-1 570
+16 1140
1608 570
+1 570
+3 3420
-4 2565
1218 570
+41 1140
cfi=(161) ./nptl/./nptl/libc-cleanup.c
cfn=(558) __libc_cleanup_push_defer
calls=285 24 
* 2850
+1 3705
-1 570
1609 570
cfi=(161)
cfn=(618) __libc_cleanup_pop_restore
calls=285 39 
* 2280
+2 285
-95 3705
cfi=(173)
cfn=(606)
calls=285 163 
* 11400
* 9405
192 570
+47 285
fi=(187)
942 855
+1 570
fe=(159)
239 1140
cfi=(162)
cfn=(560)
calls=285 1197 
* 22800
* 570
127 3705
1517 570
-54 285
+53 2850
+73 285
fi=(186)
111 285
fe=(159)
1583 285
fi=(186)
111 570
cob=(2)
cfi=(51)
cfn=(554)
calls=285 0 
* 5985
fe=(159)
1589 285
fi=(186)
111 285
fe=(159)
1583 285
fi=(186)
111 570
cob=(2)
cfi=(51)
cfn=(554)
calls=285 0 
* 5985
fe=(159)
239 570
fi=(187)
942 570
fe=(159)
1593 570
fi=(186)
111 570
fi=(187)
942 570
fe=(159)
1593 570
fi=(187)
942 570
+1 1140
fe=(159)
239 2280
cfi=(162)
cfn=(560)
calls=570 1197 
* 11400
* 1140
127 7410
1593 1140
+2 1425
-79 570
-48 285
fi=(186)
76 285
+2 285
-2 285
+2 285
-2 285
+2 1425
fe=(159)
1408 570
1516 5130
192 570
+4 2565
cfi=(174)
cfn=(608)
calls=285 37 
* 34485
+4 855
-73 3420
1516 1425
1415 570
+3 1140
-26 570
1516 2280
-98 2850
+98 4560
cfi=(163)
cfn=(616)
calls=285 199 
* 14820
* 570

fl=(151)
fn=(510)
cfi=(153)
cfn=(532)
calls=0 29 
392 70028151

fl=(161)
fn=(618)
39 285
+3 570
+2 570
+1 570
+2 285

fn=(558)
24 285
+3 570
+3 1140
+1 285
+2 285
+1 285

totals: 70028151
